reference_date,target,target_end_date,output_type_id,output_type,location,value,horizon,model
2023-02-04,wk inc flu hosp,2023-02-04,nan,point,US,1959.6359832276685,0,MOBS-GLEAM_FLUH
2023-02-04,wk inc flu hosp,2023-02-04,0.01,quantile,US,566.4429382431379,0,MOBS-GLEAM_FLUH
2023-02-04,wk inc flu hosp,2023-02-04,0.025,quantile,US,693.8545691098205,0,MOBS-GLEAM_FLUH
2023-02-04,wk inc flu hosp,2023-02-04,0.05,quantile,US,825.862619376965,0,MOBS-GLEAM_FLUH
2023-02-04,wk inc flu hosp,2023-02-04,0.1,quantile,US,1012.788634534914,0,MOBS-GLEAM_FLUH
2023-02-04,wk inc flu hosp,2023-02-04,0.15,quantile,US,1148.480977552128,0,MOBS-GLEAM_FLUH
2023-02-04,wk inc flu hosp,2023-02-04,0.2,quantile,US,1273.954026697151,0,MOBS-GLEAM_FLUH
2023-02-04,wk inc flu hosp,2023-02-04,0.25,quantile,US,1390.1472669982004,0,MOBS-GLEAM_FLUH
2023-02-04,wk inc flu hosp,2023-02-04,0.3,quantile,US,1501.8893249476382,0,MOBS-GLEAM_FLUH
2023-02-04,wk inc flu hosp,2023-02-04,0.35,quantile,US,1610.8062037071184,0,MOBS-GLEAM_FLUH
2023-02-04,wk inc flu hosp,2023-02-04,0.4,quantile,US,1724.6739578356292,0,MOBS-GLEAM_FLUH
2023-02-04,wk inc flu hosp,2023-02-04,0.45,quantile,US,1838.7572507781224,0,MOBS-GLEAM_FLUH
2023-02-04,wk inc flu hosp,2023-02-04,0.5,quantile,US,1959.6359832276685,0,MOBS-GLEAM_FLUH
2023-02-04,wk inc flu hosp,2023-02-04,0.55,quantile,US,2079.989707845069,0,MOBS-GLEAM_FLUH
2023-02-04,wk inc flu hosp,2023-02-04,0.6,quantile,US,2213.0153801961906,0,MOBS-GLEAM_FLUH
2023-02-04,wk inc flu hosp,2023-02-04,0.65,quantile,US,2357.06326811741,0,MOBS-GLEAM_FLUH
2023-02-04,wk inc flu hosp,2023-02-04,0.7,quantile,US,2517.8403561602277,0,MOBS-GLEAM_FLUH
2023-02-04,wk inc flu hosp,2023-02-04,0.75,quantile,US,2700.368325464214,0,MOBS-GLEAM_FLUH
2023-02-04,wk inc flu hosp,2023-02-04,0.8,quantile,US,2910.335263424424,0,MOBS-GLEAM_FLUH
2023-02-04,wk inc flu hosp,2023-02-04,0.85,quantile,US,3169.4004831962357,0,MOBS-GLEAM_FLUH
2023-02-04,wk inc flu hosp,2023-02-04,0.9,quantile,US,3511.6637938995104,0,MOBS-GLEAM_FLUH
2023-02-04,wk inc flu hosp,2023-02-04,0.95,quantile,US,4051.0156136810865,0,MOBS-GLEAM_FLUH
2023-02-04,wk inc flu hosp,2023-02-04,0.975,quantile,US,4542.926344327095,0,MOBS-GLEAM_FLUH
2023-02-04,wk inc flu hosp,2023-02-04,0.99,quantile,US,5134.024355134232,0,MOBS-GLEAM_FLUH
2023-02-04,wk inc flu hosp,2023-02-11,nan,point,US,1418.1749427880422,1,MOBS-GLEAM_FLUH
2023-02-04,wk inc flu hosp,2023-02-11,0.01,quantile,US,423.6854366477012,1,MOBS-GLEAM_FLUH
2023-02-04,wk inc flu hosp,2023-02-11,0.025,quantile,US,512.9718995986493,1,MOBS-GLEAM_FLUH
2023-02-04,wk inc flu hosp,2023-02-11,0.05,quantile,US,603.2850352884927,1,MOBS-GLEAM_FLUH
2023-02-04,wk inc flu hosp,2023-02-11,0.1,quantile,US,732.7003758252051,1,MOBS-GLEAM_FLUH
2023-02-04,wk inc flu hosp,2023-02-11,0.15,quantile,US,831.6189236309636,1,MOBS-GLEAM_FLUH
2023-02-04,wk inc flu hosp,2023-02-11,0.2,quantile,US,922.6410397650347,1,MOBS-GLEAM_FLUH
2023-02-04,wk inc flu hosp,2023-02-11,0.25,quantile,US,1007.3277018426568,1,MOBS-GLEAM_FLUH
2023-02-04,wk inc flu hosp,2023-02-11,0.3,quantile,US,1086.0279681749291,1,MOBS-GLEAM_FLUH
2023-02-04,wk inc flu hosp,2023-02-11,0.35,quantile,US,1170.9528561206262,1,MOBS-GLEAM_FLUH
2023-02-04,wk inc flu hosp,2023-02-11,0.4,quantile,US,1248.5445113901649,1,MOBS-GLEAM_FLUH
2023-02-04,wk inc flu hosp,2023-02-11,0.45,quantile,US,1330.420571301061,1,MOBS-GLEAM_FLUH
2023-02-04,wk inc flu hosp,2023-02-11,0.5,quantile,US,1418.1749427880422,1,MOBS-GLEAM_FLUH
2023-02-04,wk inc flu hosp,2023-02-11,0.55,quantile,US,1506.0047923513018,1,MOBS-GLEAM_FLUH
2023-02-04,wk inc flu hosp,2023-02-11,0.6,quantile,US,1603.112282045077,1,MOBS-GLEAM_FLUH
2023-02-04,wk inc flu hosp,2023-02-11,0.65,quantile,US,1707.8295611179003,1,MOBS-GLEAM_FLUH
2023-02-04,wk inc flu hosp,2023-02-11,0.7,quantile,US,1826.534942462012,1,MOBS-GLEAM_FLUH
2023-02-04,wk inc flu hosp,2023-02-11,0.75,quantile,US,1960.6248850339105,1,MOBS-GLEAM_FLUH
2023-02-04,wk inc flu hosp,2023-02-11,0.8,quantile,US,2122.079900637749,1,MOBS-GLEAM_FLUH
2023-02-04,wk inc flu hosp,2023-02-11,0.85,quantile,US,2316.368150257743,1,MOBS-GLEAM_FLUH
2023-02-04,wk inc flu hosp,2023-02-11,0.9,quantile,US,2581.2936134645515,1,MOBS-GLEAM_FLUH
2023-02-04,wk inc flu hosp,2023-02-11,0.95,quantile,US,2980.95006408243,1,MOBS-GLEAM_FLUH
2023-02-04,wk inc flu hosp,2023-02-11,0.975,quantile,US,3358.903260350211,1,MOBS-GLEAM_FLUH
2023-02-04,wk inc flu hosp,2023-02-11,0.99,quantile,US,3809.472077476561,1,MOBS-GLEAM_FLUH
2023-02-04,wk inc flu hosp,2023-02-18,nan,point,US,1076.3410740521847,2,MOBS-GLEAM_FLUH
2023-02-04,wk inc flu hosp,2023-02-18,0.01,quantile,US,338.72444468582955,2,MOBS-GLEAM_FLUH
2023-02-04,wk inc flu hosp,2023-02-18,0.025,quantile,US,403.2285338769171,2,MOBS-GLEAM_FLUH
2023-02-04,wk inc flu hosp,2023-02-18,0.05,quantile,US,471.122552778266,2,MOBS-GLEAM_FLUH
2023-02-04,wk inc flu hosp,2023-02-18,0.1,quantile,US,565.0515802977177,2,MOBS-GLEAM_FLUH
2023-02-04,wk inc flu hosp,2023-02-18,0.15,quantile,US,646.3874671572421,2,MOBS-GLEAM_FLUH
2023-02-04,wk inc flu hosp,2023-02-18,0.2,quantile,US,708.0256481245556,2,MOBS-GLEAM_FLUH
2023-02-04,wk inc flu hosp,2023-02-18,0.25,quantile,US,767.9083876182958,2,MOBS-GLEAM_FLUH
2023-02-04,wk inc flu hosp,2023-02-18,0.3,quantile,US,830.8191700571181,2,MOBS-GLEAM_FLUH
2023-02-04,wk inc flu hosp,2023-02-18,0.35,quantile,US,889.3580429490028,2,MOBS-GLEAM_FLUH
2023-02-04,wk inc flu hosp,2023-02-18,0.4,quantile,US,948.6438623404996,2,MOBS-GLEAM_FLUH
2023-02-04,wk inc flu hosp,2023-02-18,0.45,quantile,US,1012.8202676526448,2,MOBS-GLEAM_FLUH
2023-02-04,wk inc flu hosp,2023-02-18,0.5,quantile,US,1076.3410740521847,2,MOBS-GLEAM_FLUH
2023-02-04,wk inc flu hosp,2023-02-18,0.55,quantile,US,1139.0984021580807,2,MOBS-GLEAM_FLUH
2023-02-04,wk inc flu hosp,2023-02-18,0.6,quantile,US,1212.411591109256,2,MOBS-GLEAM_FLUH
2023-02-04,wk inc flu hosp,2023-02-18,0.65,quantile,US,1295.8003529417238,2,MOBS-GLEAM_FLUH
2023-02-04,wk inc flu hosp,2023-02-18,0.7,quantile,US,1385.041896417811,2,MOBS-GLEAM_FLUH
2023-02-04,wk inc flu hosp,2023-02-18,0.75,quantile,US,1486.1808524607316,2,MOBS-GLEAM_FLUH
2023-02-04,wk inc flu hosp,2023-02-18,0.8,quantile,US,1607.2268541404453,2,MOBS-GLEAM_FLUH
2023-02-04,wk inc flu hosp,2023-02-18,0.85,quantile,US,1754.7654307525297,2,MOBS-GLEAM_FLUH
2023-02-04,wk inc flu hosp,2023-02-18,0.9,quantile,US,1957.252460506802,2,MOBS-GLEAM_FLUH
2023-02-04,wk inc flu hosp,2023-02-18,0.95,quantile,US,2266.210677243805,2,MOBS-GLEAM_FLUH
2023-02-04,wk inc flu hosp,2023-02-18,0.975,quantile,US,2557.391871090173,2,MOBS-GLEAM_FLUH
2023-02-04,wk inc flu hosp,2023-02-18,0.99,quantile,US,2911.4844654189264,2,MOBS-GLEAM_FLUH
2023-02-04,wk inc flu hosp,2023-02-25,nan,point,US,856.5633896556031,3,MOBS-GLEAM_FLUH
2023-02-04,wk inc flu hosp,2023-02-25,0.01,quantile,US,291.51015385603836,3,MOBS-GLEAM_FLUH
2023-02-04,wk inc flu hosp,2023-02-25,0.025,quantile,US,341.47395299304804,3,MOBS-GLEAM_FLUH
2023-02-04,wk inc flu hosp,2023-02-25,0.05,quantile,US,394.18255687227867,3,MOBS-GLEAM_FLUH
2023-02-04,wk inc flu hosp,2023-02-25,0.1,quantile,US,468.6474355875585,3,MOBS-GLEAM_FLUH
2023-02-04,wk inc flu hosp,2023-02-25,0.15,quantile,US,521.5093846473744,3,MOBS-GLEAM_FLUH
2023-02-04,wk inc flu hosp,2023-02-25,0.2,quantile,US,575.359420059786,3,MOBS-GLEAM_FLUH
2023-02-04,wk inc flu hosp,2023-02-25,0.25,quantile,US,622.1355468760964,3,MOBS-GLEAM_FLUH
2023-02-04,wk inc flu hosp,2023-02-25,0.3,quantile,US,669.0438413249375,3,MOBS-GLEAM_FLUH
2023-02-04,wk inc flu hosp,2023-02-25,0.35,quantile,US,710.3910950791951,3,MOBS-GLEAM_FLUH
2023-02-04,wk inc flu hosp,2023-02-25,0.4,quantile,US,760.1006926731911,3,MOBS-GLEAM_FLUH
2023-02-04,wk inc flu hosp,2023-02-25,0.45,quantile,US,806.668866921351,3,MOBS-GLEAM_FLUH
2023-02-04,wk inc flu hosp,2023-02-25,0.5,quantile,US,856.5633896556031,3,MOBS-GLEAM_FLUH
2023-02-04,wk inc flu hosp,2023-02-25,0.55,quantile,US,909.9240768165242,3,MOBS-GLEAM_FLUH
2023-02-04,wk inc flu hosp,2023-02-25,0.6,quantile,US,963.6112815946916,3,MOBS-GLEAM_FLUH
2023-02-04,wk inc flu hosp,2023-02-25,0.65,quantile,US,1027.3468533706398,3,MOBS-GLEAM_FLUH
2023-02-04,wk inc flu hosp,2023-02-25,0.7,quantile,US,1095.332149375165,3,MOBS-GLEAM_FLUH
2023-02-04,wk inc flu hosp,2023-02-25,0.75,quantile,US,1169.4885624500273,3,MOBS-GLEAM_FLUH
2023-02-04,wk inc flu hosp,2023-02-25,0.8,quantile,US,1269.55904834882,3,MOBS-GLEAM_FLUH
2023-02-04,wk inc flu hosp,2023-02-25,0.85,quantile,US,1377.9411935621808,3,MOBS-GLEAM_FLUH
2023-02-04,wk inc flu hosp,2023-02-25,0.9,quantile,US,1535.3467837746623,3,MOBS-GLEAM_FLUH
2023-02-04,wk inc flu hosp,2023-02-25,0.95,quantile,US,1782.7856635285775,3,MOBS-GLEAM_FLUH
2023-02-04,wk inc flu hosp,2023-02-25,0.975,quantile,US,2004.084895539846,3,MOBS-GLEAM_FLUH
2023-02-04,wk inc flu hosp,2023-02-25,0.99,quantile,US,2289.2550024656603,3,MOBS-GLEAM_FLUH
2023-02-04,wk inc flu hosp,2023-02-04,nan,point,01,33.0,0,MOBS-GLEAM_FLUH
2023-02-04,wk inc flu hosp,2023-02-11,nan,point,01,26.0,1,MOBS-GLEAM_FLUH
2023-02-04,wk inc flu hosp,2023-02-18,nan,point,01,21.0,2,MOBS-GLEAM_FLUH
2023-02-04,wk inc flu hosp,2023-02-25,nan,point,01,18.0,3,MOBS-GLEAM_FLUH
2023-02-04,wk inc flu hosp,2023-02-04,0.01,quantile,01,7.0,0,MOBS-GLEAM_FLUH
2023-02-04,wk inc flu hosp,2023-02-11,0.01,quantile,01,5.0,1,MOBS-GLEAM_FLUH
2023-02-04,wk inc flu hosp,2023-02-18,0.01,quantile,01,4.0,2,MOBS-GLEAM_FLUH
2023-02-04,wk inc flu hosp,2023-02-25,0.01,quantile,01,3.0,3,MOBS-GLEAM_FLUH
2023-02-04,wk inc flu hosp,2023-02-04,0.025,quantile,01,10.0,0,MOBS-GLEAM_FLUH
2023-02-04,wk inc flu hosp,2023-02-11,0.025,quantile,01,7.0,1,MOBS-GLEAM_FLUH
2023-02-04,wk inc flu hosp,2023-02-18,0.025,quantile,01,6.0,2,MOBS-GLEAM_FLUH
2023-02-04,wk inc flu hosp,2023-02-25,0.025,quantile,01,5.0,3,MOBS-GLEAM_FLUH
2023-02-04,wk inc flu hosp,2023-02-04,0.05,quantile,01,12.0,0,MOBS-GLEAM_FLUH
2023-02-04,wk inc flu hosp,2023-02-11,0.05,quantile,01,10.0,1,MOBS-GLEAM_FLUH
2023-02-04,wk inc flu hosp,2023-02-18,0.05,quantile,01,8.0,2,MOBS-GLEAM_FLUH
2023-02-04,wk inc flu hosp,2023-02-25,0.05,quantile,01,6.0,3,MOBS-GLEAM_FLUH
2023-02-04,wk inc flu hosp,2023-02-04,0.1,quantile,01,16.0,0,MOBS-GLEAM_FLUH
2023-02-04,wk inc flu hosp,2023-02-11,0.1,quantile,01,12.0,1,MOBS-GLEAM_FLUH
2023-02-04,wk inc flu hosp,2023-02-18,0.1,quantile,01,10.0,2,MOBS-GLEAM_FLUH
2023-02-04,wk inc flu hosp,2023-02-25,0.1,quantile,01,8.0,3,MOBS-GLEAM_FLUH
2023-02-04,wk inc flu hosp,2023-02-04,0.15,quantile,01,18.0,0,MOBS-GLEAM_FLUH
2023-02-04,wk inc flu hosp,2023-02-11,0.15,quantile,01,14.0,1,MOBS-GLEAM_FLUH
2023-02-04,wk inc flu hosp,2023-02-18,0.15,quantile,01,12.0,2,MOBS-GLEAM_FLUH
2023-02-04,wk inc flu hosp,2023-02-25,0.15,quantile,01,10.0,3,MOBS-GLEAM_FLUH
2023-02-04,wk inc flu hosp,2023-02-04,0.2,quantile,01,21.0,0,MOBS-GLEAM_FLUH
2023-02-04,wk inc flu hosp,2023-02-11,0.2,quantile,01,16.0,1,MOBS-GLEAM_FLUH
2023-02-04,wk inc flu hosp,2023-02-18,0.2,quantile,01,13.0,2,MOBS-GLEAM_FLUH
2023-02-04,wk inc flu hosp,2023-02-25,0.2,quantile,01,11.0,3,MOBS-GLEAM_FLUH
2023-02-04,wk inc flu hosp,2023-02-04,0.25,quantile,01,23.0,0,MOBS-GLEAM_FLUH
2023-02-04,wk inc flu hosp,2023-02-11,0.25,quantile,01,18.0,1,MOBS-GLEAM_FLUH
2023-02-04,wk inc flu hosp,2023-02-18,0.25,quantile,01,15.0,2,MOBS-GLEAM_FLUH
2023-02-04,wk inc flu hosp,2023-02-25,0.25,quantile,01,12.0,3,MOBS-GLEAM_FLUH
2023-02-04,wk inc flu hosp,2023-02-04,0.3,quantile,01,25.0,0,MOBS-GLEAM_FLUH
2023-02-04,wk inc flu hosp,2023-02-11,0.3,quantile,01,20.0,1,MOBS-GLEAM_FLUH
2023-02-04,wk inc flu hosp,2023-02-18,0.3,quantile,01,16.0,2,MOBS-GLEAM_FLUH
2023-02-04,wk inc flu hosp,2023-02-25,0.3,quantile,01,13.0,3,MOBS-GLEAM_FLUH
2023-02-04,wk inc flu hosp,2023-02-04,0.35,quantile,01,27.0,0,MOBS-GLEAM_FLUH
2023-02-04,wk inc flu hosp,2023-02-11,0.35,quantile,01,21.0,1,MOBS-GLEAM_FLUH
2023-02-04,wk inc flu hosp,2023-02-18,0.35,quantile,01,17.0,2,MOBS-GLEAM_FLUH
2023-02-04,wk inc flu hosp,2023-02-25,0.35,quantile,01,14.0,3,MOBS-GLEAM_FLUH
2023-02-04,wk inc flu hosp,2023-02-04,0.4,quantile,01,29.0,0,MOBS-GLEAM_FLUH
2023-02-04,wk inc flu hosp,2023-02-11,0.4,quantile,01,23.0,1,MOBS-GLEAM_FLUH
2023-02-04,wk inc flu hosp,2023-02-18,0.4,quantile,01,19.0,2,MOBS-GLEAM_FLUH
2023-02-04,wk inc flu hosp,2023-02-25,0.4,quantile,01,16.0,3,MOBS-GLEAM_FLUH
2023-02-04,wk inc flu hosp,2023-02-04,0.45,quantile,01,31.0,0,MOBS-GLEAM_FLUH
2023-02-04,wk inc flu hosp,2023-02-11,0.45,quantile,01,24.0,1,MOBS-GLEAM_FLUH
2023-02-04,wk inc flu hosp,2023-02-18,0.45,quantile,01,20.0,2,MOBS-GLEAM_FLUH
2023-02-04,wk inc flu hosp,2023-02-25,0.45,quantile,01,17.0,3,MOBS-GLEAM_FLUH
2023-02-04,wk inc flu hosp,2023-02-04,0.5,quantile,01,33.0,0,MOBS-GLEAM_FLUH
2023-02-04,wk inc flu hosp,2023-02-11,0.5,quantile,01,26.0,1,MOBS-GLEAM_FLUH
2023-02-04,wk inc flu hosp,2023-02-18,0.5,quantile,01,21.0,2,MOBS-GLEAM_FLUH
2023-02-04,wk inc flu hosp,2023-02-25,0.5,quantile,01,18.0,3,MOBS-GLEAM_FLUH
2023-02-04,wk inc flu hosp,2023-02-04,0.55,quantile,01,35.0,0,MOBS-GLEAM_FLUH
2023-02-04,wk inc flu hosp,2023-02-11,0.55,quantile,01,28.0,1,MOBS-GLEAM_FLUH
2023-02-04,wk inc flu hosp,2023-02-18,0.55,quantile,01,23.0,2,MOBS-GLEAM_FLUH
2023-02-04,wk inc flu hosp,2023-02-25,0.55,quantile,01,19.0,3,MOBS-GLEAM_FLUH
2023-02-04,wk inc flu hosp,2023-02-04,0.6,quantile,01,37.0,0,MOBS-GLEAM_FLUH
2023-02-04,wk inc flu hosp,2023-02-11,0.6,quantile,01,29.0,1,MOBS-GLEAM_FLUH
2023-02-04,wk inc flu hosp,2023-02-18,0.6,quantile,01,24.0,2,MOBS-GLEAM_FLUH
2023-02-04,wk inc flu hosp,2023-02-25,0.6,quantile,01,20.0,3,MOBS-GLEAM_FLUH
2023-02-04,wk inc flu hosp,2023-02-04,0.65,quantile,01,39.0,0,MOBS-GLEAM_FLUH
2023-02-04,wk inc flu hosp,2023-02-11,0.65,quantile,01,31.0,1,MOBS-GLEAM_FLUH
2023-02-04,wk inc flu hosp,2023-02-18,0.65,quantile,01,26.0,2,MOBS-GLEAM_FLUH
2023-02-04,wk inc flu hosp,2023-02-25,0.65,quantile,01,22.0,3,MOBS-GLEAM_FLUH
2023-02-04,wk inc flu hosp,2023-02-04,0.7,quantile,01,42.0,0,MOBS-GLEAM_FLUH
2023-02-04,wk inc flu hosp,2023-02-11,0.7,quantile,01,33.0,1,MOBS-GLEAM_FLUH
2023-02-04,wk inc flu hosp,2023-02-18,0.7,quantile,01,27.0,2,MOBS-GLEAM_FLUH
2023-02-04,wk inc flu hosp,2023-02-25,0.7,quantile,01,23.0,3,MOBS-GLEAM_FLUH
2023-02-04,wk inc flu hosp,2023-02-04,0.75,quantile,01,45.0,0,MOBS-GLEAM_FLUH
2023-02-04,wk inc flu hosp,2023-02-11,0.75,quantile,01,36.0,1,MOBS-GLEAM_FLUH
2023-02-04,wk inc flu hosp,2023-02-18,0.75,quantile,01,29.0,2,MOBS-GLEAM_FLUH
2023-02-04,wk inc flu hosp,2023-02-25,0.75,quantile,01,25.0,3,MOBS-GLEAM_FLUH
2023-02-04,wk inc flu hosp,2023-02-04,0.8,quantile,01,48.0,0,MOBS-GLEAM_FLUH
2023-02-04,wk inc flu hosp,2023-02-11,0.8,quantile,01,38.0,1,MOBS-GLEAM_FLUH
2023-02-04,wk inc flu hosp,2023-02-18,0.8,quantile,01,32.0,2,MOBS-GLEAM_FLUH
2023-02-04,wk inc flu hosp,2023-02-25,0.8,quantile,01,27.0,3,MOBS-GLEAM_FLUH
2023-02-04,wk inc flu hosp,2023-02-04,0.85,quantile,01,52.0,0,MOBS-GLEAM_FLUH
2023-02-04,wk inc flu hosp,2023-02-11,0.85,quantile,01,42.0,1,MOBS-GLEAM_FLUH
2023-02-04,wk inc flu hosp,2023-02-18,0.85,quantile,01,34.0,2,MOBS-GLEAM_FLUH
2023-02-04,wk inc flu hosp,2023-02-25,0.85,quantile,01,29.0,3,MOBS-GLEAM_FLUH
2023-02-04,wk inc flu hosp,2023-02-04,0.9,quantile,01,58.0,0,MOBS-GLEAM_FLUH
2023-02-04,wk inc flu hosp,2023-02-11,0.9,quantile,01,46.0,1,MOBS-GLEAM_FLUH
2023-02-04,wk inc flu hosp,2023-02-18,0.9,quantile,01,38.0,2,MOBS-GLEAM_FLUH
2023-02-04,wk inc flu hosp,2023-02-25,0.9,quantile,01,32.0,3,MOBS-GLEAM_FLUH
2023-02-04,wk inc flu hosp,2023-02-04,0.95,quantile,01,66.0,0,MOBS-GLEAM_FLUH
2023-02-04,wk inc flu hosp,2023-02-11,0.95,quantile,01,53.0,1,MOBS-GLEAM_FLUH
2023-02-04,wk inc flu hosp,2023-02-18,0.95,quantile,01,44.0,2,MOBS-GLEAM_FLUH
2023-02-04,wk inc flu hosp,2023-02-25,0.95,quantile,01,37.0,3,MOBS-GLEAM_FLUH
2023-02-04,wk inc flu hosp,2023-02-04,0.975,quantile,01,74.0,0,MOBS-GLEAM_FLUH
2023-02-04,wk inc flu hosp,2023-02-11,0.975,quantile,01,60.0,1,MOBS-GLEAM_FLUH
2023-02-04,wk inc flu hosp,2023-02-18,0.975,quantile,01,49.0,2,MOBS-GLEAM_FLUH
2023-02-04,wk inc flu hosp,2023-02-25,0.975,quantile,01,42.0,3,MOBS-GLEAM_FLUH
2023-02-04,wk inc flu hosp,2023-02-04,0.99,quantile,01,85.0,0,MOBS-GLEAM_FLUH
2023-02-04,wk inc flu hosp,2023-02-11,0.99,quantile,01,68.0,1,MOBS-GLEAM_FLUH
2023-02-04,wk inc flu hosp,2023-02-18,0.99,quantile,01,56.0,2,MOBS-GLEAM_FLUH
2023-02-04,wk inc flu hosp,2023-02-25,0.99,quantile,01,48.0,3,MOBS-GLEAM_FLUH
2023-02-04,wk inc flu hosp,2023-02-04,nan,point,02,2.0,0,MOBS-GLEAM_FLUH
2023-02-04,wk inc flu hosp,2023-02-11,nan,point,02,2.0,1,MOBS-GLEAM_FLUH
2023-02-04,wk inc flu hosp,2023-02-18,nan,point,02,1.0,2,MOBS-GLEAM_FLUH
2023-02-04,wk inc flu hosp,2023-02-25,nan,point,02,1.0,3,MOBS-GLEAM_FLUH
2023-02-04,wk inc flu hosp,2023-02-04,0.01,quantile,02,0.0,0,MOBS-GLEAM_FLUH
2023-02-04,wk inc flu hosp,2023-02-11,0.01,quantile,02,0.0,1,MOBS-GLEAM_FLUH
2023-02-04,wk inc flu hosp,2023-02-18,0.01,quantile,02,0.0,2,MOBS-GLEAM_FLUH
2023-02-04,wk inc flu hosp,2023-02-25,0.01,quantile,02,0.0,3,MOBS-GLEAM_FLUH
2023-02-04,wk inc flu hosp,2023-02-04,0.025,quantile,02,0.0,0,MOBS-GLEAM_FLUH
2023-02-04,wk inc flu hosp,2023-02-11,0.025,quantile,02,0.0,1,MOBS-GLEAM_FLUH
2023-02-04,wk inc flu hosp,2023-02-18,0.025,quantile,02,0.0,2,MOBS-GLEAM_FLUH
2023-02-04,wk inc flu hosp,2023-02-25,0.025,quantile,02,0.0,3,MOBS-GLEAM_FLUH
2023-02-04,wk inc flu hosp,2023-02-04,0.05,quantile,02,0.0,0,MOBS-GLEAM_FLUH
2023-02-04,wk inc flu hosp,2023-02-11,0.05,quantile,02,0.0,1,MOBS-GLEAM_FLUH
2023-02-04,wk inc flu hosp,2023-02-18,0.05,quantile,02,0.0,2,MOBS-GLEAM_FLUH
2023-02-04,wk inc flu hosp,2023-02-25,0.05,quantile,02,0.0,3,MOBS-GLEAM_FLUH
2023-02-04,wk inc flu hosp,2023-02-04,0.1,quantile,02,0.0,0,MOBS-GLEAM_FLUH
2023-02-04,wk inc flu hosp,2023-02-11,0.1,quantile,02,0.0,1,MOBS-GLEAM_FLUH
2023-02-04,wk inc flu hosp,2023-02-18,0.1,quantile,02,0.0,2,MOBS-GLEAM_FLUH
2023-02-04,wk inc flu hosp,2023-02-25,0.1,quantile,02,0.0,3,MOBS-GLEAM_FLUH
2023-02-04,wk inc flu hosp,2023-02-04,0.15,quantile,02,1.0,0,MOBS-GLEAM_FLUH
2023-02-04,wk inc flu hosp,2023-02-11,0.15,quantile,02,0.0,1,MOBS-GLEAM_FLUH
2023-02-04,wk inc flu hosp,2023-02-18,0.15,quantile,02,0.0,2,MOBS-GLEAM_FLUH
2023-02-04,wk inc flu hosp,2023-02-25,0.15,quantile,02,0.0,3,MOBS-GLEAM_FLUH
2023-02-04,wk inc flu hosp,2023-02-04,0.2,quantile,02,1.0,0,MOBS-GLEAM_FLUH
2023-02-04,wk inc flu hosp,2023-02-11,0.2,quantile,02,0.0,1,MOBS-GLEAM_FLUH
2023-02-04,wk inc flu hosp,2023-02-18,0.2,quantile,02,0.0,2,MOBS-GLEAM_FLUH
2023-02-04,wk inc flu hosp,2023-02-25,0.2,quantile,02,0.0,3,MOBS-GLEAM_FLUH
2023-02-04,wk inc flu hosp,2023-02-04,0.25,quantile,02,1.0,0,MOBS-GLEAM_FLUH
2023-02-04,wk inc flu hosp,2023-02-11,0.25,quantile,02,1.0,1,MOBS-GLEAM_FLUH
2023-02-04,wk inc flu hosp,2023-02-18,0.25,quantile,02,0.0,2,MOBS-GLEAM_FLUH
2023-02-04,wk inc flu hosp,2023-02-25,0.25,quantile,02,0.0,3,MOBS-GLEAM_FLUH
2023-02-04,wk inc flu hosp,2023-02-04,0.3,quantile,02,1.0,0,MOBS-GLEAM_FLUH
2023-02-04,wk inc flu hosp,2023-02-11,0.3,quantile,02,1.0,1,MOBS-GLEAM_FLUH
2023-02-04,wk inc flu hosp,2023-02-18,0.3,quantile,02,1.0,2,MOBS-GLEAM_FLUH
2023-02-04,wk inc flu hosp,2023-02-25,0.3,quantile,02,0.0,3,MOBS-GLEAM_FLUH
2023-02-04,wk inc flu hosp,2023-02-04,0.35,quantile,02,2.0,0,MOBS-GLEAM_FLUH
2023-02-04,wk inc flu hosp,2023-02-11,0.35,quantile,02,1.0,1,MOBS-GLEAM_FLUH
2023-02-04,wk inc flu hosp,2023-02-18,0.35,quantile,02,1.0,2,MOBS-GLEAM_FLUH
2023-02-04,wk inc flu hosp,2023-02-25,0.35,quantile,02,0.0,3,MOBS-GLEAM_FLUH
2023-02-04,wk inc flu hosp,2023-02-04,0.4,quantile,02,2.0,0,MOBS-GLEAM_FLUH
2023-02-04,wk inc flu hosp,2023-02-11,0.4,quantile,02,1.0,1,MOBS-GLEAM_FLUH
2023-02-04,wk inc flu hosp,2023-02-18,0.4,quantile,02,1.0,2,MOBS-GLEAM_FLUH
2023-02-04,wk inc flu hosp,2023-02-25,0.4,quantile,02,0.0,3,MOBS-GLEAM_FLUH
2023-02-04,wk inc flu hosp,2023-02-04,0.45,quantile,02,2.0,0,MOBS-GLEAM_FLUH
2023-02-04,wk inc flu hosp,2023-02-11,0.45,quantile,02,1.0,1,MOBS-GLEAM_FLUH
2023-02-04,wk inc flu hosp,2023-02-18,0.45,quantile,02,1.0,2,MOBS-GLEAM_FLUH
2023-02-04,wk inc flu hosp,2023-02-25,0.45,quantile,02,1.0,3,MOBS-GLEAM_FLUH
2023-02-04,wk inc flu hosp,2023-02-04,0.5,quantile,02,2.0,0,MOBS-GLEAM_FLUH
2023-02-04,wk inc flu hosp,2023-02-11,0.5,quantile,02,2.0,1,MOBS-GLEAM_FLUH
2023-02-04,wk inc flu hosp,2023-02-18,0.5,quantile,02,1.0,2,MOBS-GLEAM_FLUH
2023-02-04,wk inc flu hosp,2023-02-25,0.5,quantile,02,1.0,3,MOBS-GLEAM_FLUH
2023-02-04,wk inc flu hosp,2023-02-04,0.55,quantile,02,2.0,0,MOBS-GLEAM_FLUH
2023-02-04,wk inc flu hosp,2023-02-11,0.55,quantile,02,2.0,1,MOBS-GLEAM_FLUH
2023-02-04,wk inc flu hosp,2023-02-18,0.55,quantile,02,1.0,2,MOBS-GLEAM_FLUH
2023-02-04,wk inc flu hosp,2023-02-25,0.55,quantile,02,1.0,3,MOBS-GLEAM_FLUH
2023-02-04,wk inc flu hosp,2023-02-04,0.6,quantile,02,3.0,0,MOBS-GLEAM_FLUH
2023-02-04,wk inc flu hosp,2023-02-11,0.6,quantile,02,2.0,1,MOBS-GLEAM_FLUH
2023-02-04,wk inc flu hosp,2023-02-18,0.6,quantile,02,1.0,2,MOBS-GLEAM_FLUH
2023-02-04,wk inc flu hosp,2023-02-25,0.6,quantile,02,1.0,3,MOBS-GLEAM_FLUH
2023-02-04,wk inc flu hosp,2023-02-04,0.65,quantile,02,3.0,0,MOBS-GLEAM_FLUH
2023-02-04,wk inc flu hosp,2023-02-11,0.65,quantile,02,2.0,1,MOBS-GLEAM_FLUH
2023-02-04,wk inc flu hosp,2023-02-18,0.65,quantile,02,2.0,2,MOBS-GLEAM_FLUH
2023-02-04,wk inc flu hosp,2023-02-25,0.65,quantile,02,1.0,3,MOBS-GLEAM_FLUH
2023-02-04,wk inc flu hosp,2023-02-04,0.7,quantile,02,3.0,0,MOBS-GLEAM_FLUH
2023-02-04,wk inc flu hosp,2023-02-11,0.7,quantile,02,2.0,1,MOBS-GLEAM_FLUH
2023-02-04,wk inc flu hosp,2023-02-18,0.7,quantile,02,2.0,2,MOBS-GLEAM_FLUH
2023-02-04,wk inc flu hosp,2023-02-25,0.7,quantile,02,1.0,3,MOBS-GLEAM_FLUH
2023-02-04,wk inc flu hosp,2023-02-04,0.75,quantile,02,4.0,0,MOBS-GLEAM_FLUH
2023-02-04,wk inc flu hosp,2023-02-11,0.75,quantile,02,3.0,1,MOBS-GLEAM_FLUH
2023-02-04,wk inc flu hosp,2023-02-18,0.75,quantile,02,2.0,2,MOBS-GLEAM_FLUH
2023-02-04,wk inc flu hosp,2023-02-25,0.75,quantile,02,1.0,3,MOBS-GLEAM_FLUH
2023-02-04,wk inc flu hosp,2023-02-04,0.8,quantile,02,4.0,0,MOBS-GLEAM_FLUH
2023-02-04,wk inc flu hosp,2023-02-11,0.8,quantile,02,3.0,1,MOBS-GLEAM_FLUH
2023-02-04,wk inc flu hosp,2023-02-18,0.8,quantile,02,2.0,2,MOBS-GLEAM_FLUH
2023-02-04,wk inc flu hosp,2023-02-25,0.8,quantile,02,2.0,3,MOBS-GLEAM_FLUH
2023-02-04,wk inc flu hosp,2023-02-04,0.85,quantile,02,5.0,0,MOBS-GLEAM_FLUH
2023-02-04,wk inc flu hosp,2023-02-11,0.85,quantile,02,3.0,1,MOBS-GLEAM_FLUH
2023-02-04,wk inc flu hosp,2023-02-18,0.85,quantile,02,3.0,2,MOBS-GLEAM_FLUH
2023-02-04,wk inc flu hosp,2023-02-25,0.85,quantile,02,2.0,3,MOBS-GLEAM_FLUH
2023-02-04,wk inc flu hosp,2023-02-04,0.9,quantile,02,5.0,0,MOBS-GLEAM_FLUH
2023-02-04,wk inc flu hosp,2023-02-11,0.9,quantile,02,4.0,1,MOBS-GLEAM_FLUH
2023-02-04,wk inc flu hosp,2023-02-18,0.9,quantile,02,3.0,2,MOBS-GLEAM_FLUH
2023-02-04,wk inc flu hosp,2023-02-25,0.9,quantile,02,2.0,3,MOBS-GLEAM_FLUH
2023-02-04,wk inc flu hosp,2023-02-04,0.95,quantile,02,6.0,0,MOBS-GLEAM_FLUH
2023-02-04,wk inc flu hosp,2023-02-11,0.95,quantile,02,5.0,1,MOBS-GLEAM_FLUH
2023-02-04,wk inc flu hosp,2023-02-18,0.95,quantile,02,4.0,2,MOBS-GLEAM_FLUH
2023-02-04,wk inc flu hosp,2023-02-25,0.95,quantile,02,3.0,3,MOBS-GLEAM_FLUH
2023-02-04,wk inc flu hosp,2023-02-04,0.975,quantile,02,7.0,0,MOBS-GLEAM_FLUH
2023-02-04,wk inc flu hosp,2023-02-11,0.975,quantile,02,6.0,1,MOBS-GLEAM_FLUH
2023-02-04,wk inc flu hosp,2023-02-18,0.975,quantile,02,5.0,2,MOBS-GLEAM_FLUH
2023-02-04,wk inc flu hosp,2023-02-25,0.975,quantile,02,4.0,3,MOBS-GLEAM_FLUH
2023-02-04,wk inc flu hosp,2023-02-04,0.99,quantile,02,9.0,0,MOBS-GLEAM_FLUH
2023-02-04,wk inc flu hosp,2023-02-11,0.99,quantile,02,7.0,1,MOBS-GLEAM_FLUH
2023-02-04,wk inc flu hosp,2023-02-18,0.99,quantile,02,5.0,2,MOBS-GLEAM_FLUH
2023-02-04,wk inc flu hosp,2023-02-25,0.99,quantile,02,4.0,3,MOBS-GLEAM_FLUH
2023-02-04,wk inc flu hosp,2023-02-04,nan,point,04,30.0,0,MOBS-GLEAM_FLUH
2023-02-04,wk inc flu hosp,2023-02-11,nan,point,04,22.0,1,MOBS-GLEAM_FLUH
2023-02-04,wk inc flu hosp,2023-02-18,nan,point,04,18.0,2,MOBS-GLEAM_FLUH
2023-02-04,wk inc flu hosp,2023-02-25,nan,point,04,16.0,3,MOBS-GLEAM_FLUH
2023-02-04,wk inc flu hosp,2023-02-04,0.01,quantile,04,7.0,0,MOBS-GLEAM_FLUH
2023-02-04,wk inc flu hosp,2023-02-11,0.01,quantile,04,4.0,1,MOBS-GLEAM_FLUH
2023-02-04,wk inc flu hosp,2023-02-18,0.01,quantile,04,3.0,2,MOBS-GLEAM_FLUH
2023-02-04,wk inc flu hosp,2023-02-25,0.01,quantile,04,3.0,3,MOBS-GLEAM_FLUH
2023-02-04,wk inc flu hosp,2023-02-04,0.025,quantile,04,9.0,0,MOBS-GLEAM_FLUH
2023-02-04,wk inc flu hosp,2023-02-11,0.025,quantile,04,6.0,1,MOBS-GLEAM_FLUH
2023-02-04,wk inc flu hosp,2023-02-18,0.025,quantile,04,5.0,2,MOBS-GLEAM_FLUH
2023-02-04,wk inc flu hosp,2023-02-25,0.025,quantile,04,4.0,3,MOBS-GLEAM_FLUH
2023-02-04,wk inc flu hosp,2023-02-04,0.05,quantile,04,11.0,0,MOBS-GLEAM_FLUH
2023-02-04,wk inc flu hosp,2023-02-11,0.05,quantile,04,8.0,1,MOBS-GLEAM_FLUH
2023-02-04,wk inc flu hosp,2023-02-18,0.05,quantile,04,6.0,2,MOBS-GLEAM_FLUH
2023-02-04,wk inc flu hosp,2023-02-25,0.05,quantile,04,5.0,3,MOBS-GLEAM_FLUH
2023-02-04,wk inc flu hosp,2023-02-04,0.1,quantile,04,15.0,0,MOBS-GLEAM_FLUH
2023-02-04,wk inc flu hosp,2023-02-11,0.1,quantile,04,10.0,1,MOBS-GLEAM_FLUH
2023-02-04,wk inc flu hosp,2023-02-18,0.1,quantile,04,8.0,2,MOBS-GLEAM_FLUH
2023-02-04,wk inc flu hosp,2023-02-25,0.1,quantile,04,7.0,3,MOBS-GLEAM_FLUH
2023-02-04,wk inc flu hosp,2023-02-04,0.15,quantile,04,17.0,0,MOBS-GLEAM_FLUH
2023-02-04,wk inc flu hosp,2023-02-11,0.15,quantile,04,12.0,1,MOBS-GLEAM_FLUH
2023-02-04,wk inc flu hosp,2023-02-18,0.15,quantile,04,10.0,2,MOBS-GLEAM_FLUH
2023-02-04,wk inc flu hosp,2023-02-25,0.15,quantile,04,9.0,3,MOBS-GLEAM_FLUH
2023-02-04,wk inc flu hosp,2023-02-04,0.2,quantile,04,19.0,0,MOBS-GLEAM_FLUH
2023-02-04,wk inc flu hosp,2023-02-11,0.2,quantile,04,14.0,1,MOBS-GLEAM_FLUH
2023-02-04,wk inc flu hosp,2023-02-18,0.2,quantile,04,11.0,2,MOBS-GLEAM_FLUH
2023-02-04,wk inc flu hosp,2023-02-25,0.2,quantile,04,10.0,3,MOBS-GLEAM_FLUH
2023-02-04,wk inc flu hosp,2023-02-04,0.25,quantile,04,21.0,0,MOBS-GLEAM_FLUH
2023-02-04,wk inc flu hosp,2023-02-11,0.25,quantile,04,15.0,1,MOBS-GLEAM_FLUH
2023-02-04,wk inc flu hosp,2023-02-18,0.25,quantile,04,12.0,2,MOBS-GLEAM_FLUH
2023-02-04,wk inc flu hosp,2023-02-25,0.25,quantile,04,11.0,3,MOBS-GLEAM_FLUH
2023-02-04,wk inc flu hosp,2023-02-04,0.3,quantile,04,23.0,0,MOBS-GLEAM_FLUH
2023-02-04,wk inc flu hosp,2023-02-11,0.3,quantile,04,17.0,1,MOBS-GLEAM_FLUH
2023-02-04,wk inc flu hosp,2023-02-18,0.3,quantile,04,13.0,2,MOBS-GLEAM_FLUH
2023-02-04,wk inc flu hosp,2023-02-25,0.3,quantile,04,12.0,3,MOBS-GLEAM_FLUH
2023-02-04,wk inc flu hosp,2023-02-04,0.35,quantile,04,25.0,0,MOBS-GLEAM_FLUH
2023-02-04,wk inc flu hosp,2023-02-11,0.35,quantile,04,18.0,1,MOBS-GLEAM_FLUH
2023-02-04,wk inc flu hosp,2023-02-18,0.35,quantile,04,15.0,2,MOBS-GLEAM_FLUH
2023-02-04,wk inc flu hosp,2023-02-25,0.35,quantile,04,13.0,3,MOBS-GLEAM_FLUH
2023-02-04,wk inc flu hosp,2023-02-04,0.4,quantile,04,26.0,0,MOBS-GLEAM_FLUH
2023-02-04,wk inc flu hosp,2023-02-11,0.4,quantile,04,19.0,1,MOBS-GLEAM_FLUH
2023-02-04,wk inc flu hosp,2023-02-18,0.4,quantile,04,16.0,2,MOBS-GLEAM_FLUH
2023-02-04,wk inc flu hosp,2023-02-25,0.4,quantile,04,14.0,3,MOBS-GLEAM_FLUH
2023-02-04,wk inc flu hosp,2023-02-04,0.45,quantile,04,28.0,0,MOBS-GLEAM_FLUH
2023-02-04,wk inc flu hosp,2023-02-11,0.45,quantile,04,21.0,1,MOBS-GLEAM_FLUH
2023-02-04,wk inc flu hosp,2023-02-18,0.45,quantile,04,17.0,2,MOBS-GLEAM_FLUH
2023-02-04,wk inc flu hosp,2023-02-25,0.45,quantile,04,15.0,3,MOBS-GLEAM_FLUH
2023-02-04,wk inc flu hosp,2023-02-04,0.5,quantile,04,30.0,0,MOBS-GLEAM_FLUH
2023-02-04,wk inc flu hosp,2023-02-11,0.5,quantile,04,22.0,1,MOBS-GLEAM_FLUH
2023-02-04,wk inc flu hosp,2023-02-18,0.5,quantile,04,18.0,2,MOBS-GLEAM_FLUH
2023-02-04,wk inc flu hosp,2023-02-25,0.5,quantile,04,16.0,3,MOBS-GLEAM_FLUH
2023-02-04,wk inc flu hosp,2023-02-04,0.55,quantile,04,32.0,0,MOBS-GLEAM_FLUH
2023-02-04,wk inc flu hosp,2023-02-11,0.55,quantile,04,23.0,1,MOBS-GLEAM_FLUH
2023-02-04,wk inc flu hosp,2023-02-18,0.55,quantile,04,19.0,2,MOBS-GLEAM_FLUH
2023-02-04,wk inc flu hosp,2023-02-25,0.55,quantile,04,17.0,3,MOBS-GLEAM_FLUH
2023-02-04,wk inc flu hosp,2023-02-04,0.6,quantile,04,34.0,0,MOBS-GLEAM_FLUH
2023-02-04,wk inc flu hosp,2023-02-11,0.6,quantile,04,25.0,1,MOBS-GLEAM_FLUH
2023-02-04,wk inc flu hosp,2023-02-18,0.6,quantile,04,20.0,2,MOBS-GLEAM_FLUH
2023-02-04,wk inc flu hosp,2023-02-25,0.6,quantile,04,18.0,3,MOBS-GLEAM_FLUH
2023-02-04,wk inc flu hosp,2023-02-04,0.65,quantile,04,36.0,0,MOBS-GLEAM_FLUH
2023-02-04,wk inc flu hosp,2023-02-11,0.65,quantile,04,26.0,1,MOBS-GLEAM_FLUH
2023-02-04,wk inc flu hosp,2023-02-18,0.65,quantile,04,22.0,2,MOBS-GLEAM_FLUH
2023-02-04,wk inc flu hosp,2023-02-25,0.65,quantile,04,19.0,3,MOBS-GLEAM_FLUH
2023-02-04,wk inc flu hosp,2023-02-04,0.7,quantile,04,39.0,0,MOBS-GLEAM_FLUH
2023-02-04,wk inc flu hosp,2023-02-11,0.7,quantile,04,28.0,1,MOBS-GLEAM_FLUH
2023-02-04,wk inc flu hosp,2023-02-18,0.7,quantile,04,23.0,2,MOBS-GLEAM_FLUH
2023-02-04,wk inc flu hosp,2023-02-25,0.7,quantile,04,21.0,3,MOBS-GLEAM_FLUH
2023-02-04,wk inc flu hosp,2023-02-04,0.75,quantile,04,41.0,0,MOBS-GLEAM_FLUH
2023-02-04,wk inc flu hosp,2023-02-11,0.75,quantile,04,30.0,1,MOBS-GLEAM_FLUH
2023-02-04,wk inc flu hosp,2023-02-18,0.75,quantile,04,25.0,2,MOBS-GLEAM_FLUH
2023-02-04,wk inc flu hosp,2023-02-25,0.75,quantile,04,22.0,3,MOBS-GLEAM_FLUH
2023-02-04,wk inc flu hosp,2023-02-04,0.8,quantile,04,44.0,0,MOBS-GLEAM_FLUH
2023-02-04,wk inc flu hosp,2023-02-11,0.8,quantile,04,33.0,1,MOBS-GLEAM_FLUH
2023-02-04,wk inc flu hosp,2023-02-18,0.8,quantile,04,27.0,2,MOBS-GLEAM_FLUH
2023-02-04,wk inc flu hosp,2023-02-25,0.8,quantile,04,24.0,3,MOBS-GLEAM_FLUH
2023-02-04,wk inc flu hosp,2023-02-04,0.85,quantile,04,48.0,0,MOBS-GLEAM_FLUH
2023-02-04,wk inc flu hosp,2023-02-11,0.85,quantile,04,35.0,1,MOBS-GLEAM_FLUH
2023-02-04,wk inc flu hosp,2023-02-18,0.85,quantile,04,29.0,2,MOBS-GLEAM_FLUH
2023-02-04,wk inc flu hosp,2023-02-25,0.85,quantile,04,26.0,3,MOBS-GLEAM_FLUH
2023-02-04,wk inc flu hosp,2023-02-04,0.9,quantile,04,53.0,0,MOBS-GLEAM_FLUH
2023-02-04,wk inc flu hosp,2023-02-11,0.9,quantile,04,39.0,1,MOBS-GLEAM_FLUH
2023-02-04,wk inc flu hosp,2023-02-18,0.9,quantile,04,32.0,2,MOBS-GLEAM_FLUH
2023-02-04,wk inc flu hosp,2023-02-25,0.9,quantile,04,29.0,3,MOBS-GLEAM_FLUH
2023-02-04,wk inc flu hosp,2023-02-04,0.95,quantile,04,61.0,0,MOBS-GLEAM_FLUH
2023-02-04,wk inc flu hosp,2023-02-11,0.95,quantile,04,45.0,1,MOBS-GLEAM_FLUH
2023-02-04,wk inc flu hosp,2023-02-18,0.95,quantile,04,37.0,2,MOBS-GLEAM_FLUH
2023-02-04,wk inc flu hosp,2023-02-25,0.95,quantile,04,34.0,3,MOBS-GLEAM_FLUH
2023-02-04,wk inc flu hosp,2023-02-04,0.975,quantile,04,69.0,0,MOBS-GLEAM_FLUH
2023-02-04,wk inc flu hosp,2023-02-11,0.975,quantile,04,51.0,1,MOBS-GLEAM_FLUH
2023-02-04,wk inc flu hosp,2023-02-18,0.975,quantile,04,42.0,2,MOBS-GLEAM_FLUH
2023-02-04,wk inc flu hosp,2023-02-25,0.975,quantile,04,38.0,3,MOBS-GLEAM_FLUH
2023-02-04,wk inc flu hosp,2023-02-04,0.99,quantile,04,78.0,0,MOBS-GLEAM_FLUH
2023-02-04,wk inc flu hosp,2023-02-11,0.99,quantile,04,58.0,1,MOBS-GLEAM_FLUH
2023-02-04,wk inc flu hosp,2023-02-18,0.99,quantile,04,48.0,2,MOBS-GLEAM_FLUH
2023-02-04,wk inc flu hosp,2023-02-25,0.99,quantile,04,43.0,3,MOBS-GLEAM_FLUH
2023-02-04,wk inc flu hosp,2023-02-04,nan,point,05,17.0,0,MOBS-GLEAM_FLUH
2023-02-04,wk inc flu hosp,2023-02-11,nan,point,05,12.0,1,MOBS-GLEAM_FLUH
2023-02-04,wk inc flu hosp,2023-02-18,nan,point,05,10.0,2,MOBS-GLEAM_FLUH
2023-02-04,wk inc flu hosp,2023-02-25,nan,point,05,9.0,3,MOBS-GLEAM_FLUH
2023-02-04,wk inc flu hosp,2023-02-04,0.01,quantile,05,3.0,0,MOBS-GLEAM_FLUH
2023-02-04,wk inc flu hosp,2023-02-11,0.01,quantile,05,2.0,1,MOBS-GLEAM_FLUH
2023-02-04,wk inc flu hosp,2023-02-18,0.01,quantile,05,1.0,2,MOBS-GLEAM_FLUH
2023-02-04,wk inc flu hosp,2023-02-25,0.01,quantile,05,1.0,3,MOBS-GLEAM_FLUH
2023-02-04,wk inc flu hosp,2023-02-04,0.025,quantile,05,4.0,0,MOBS-GLEAM_FLUH
2023-02-04,wk inc flu hosp,2023-02-11,0.025,quantile,05,3.0,1,MOBS-GLEAM_FLUH
2023-02-04,wk inc flu hosp,2023-02-18,0.025,quantile,05,2.0,2,MOBS-GLEAM_FLUH
2023-02-04,wk inc flu hosp,2023-02-25,0.025,quantile,05,2.0,3,MOBS-GLEAM_FLUH
2023-02-04,wk inc flu hosp,2023-02-04,0.05,quantile,05,6.0,0,MOBS-GLEAM_FLUH
2023-02-04,wk inc flu hosp,2023-02-11,0.05,quantile,05,4.0,1,MOBS-GLEAM_FLUH
2023-02-04,wk inc flu hosp,2023-02-18,0.05,quantile,05,3.0,2,MOBS-GLEAM_FLUH
2023-02-04,wk inc flu hosp,2023-02-25,0.05,quantile,05,3.0,3,MOBS-GLEAM_FLUH
2023-02-04,wk inc flu hosp,2023-02-04,0.1,quantile,05,8.0,0,MOBS-GLEAM_FLUH
2023-02-04,wk inc flu hosp,2023-02-11,0.1,quantile,05,5.0,1,MOBS-GLEAM_FLUH
2023-02-04,wk inc flu hosp,2023-02-18,0.1,quantile,05,4.0,2,MOBS-GLEAM_FLUH
2023-02-04,wk inc flu hosp,2023-02-25,0.1,quantile,05,4.0,3,MOBS-GLEAM_FLUH
2023-02-04,wk inc flu hosp,2023-02-04,0.15,quantile,05,9.0,0,MOBS-GLEAM_FLUH
2023-02-04,wk inc flu hosp,2023-02-11,0.15,quantile,05,6.0,1,MOBS-GLEAM_FLUH
2023-02-04,wk inc flu hosp,2023-02-18,0.15,quantile,05,5.0,2,MOBS-GLEAM_FLUH
2023-02-04,wk inc flu hosp,2023-02-25,0.15,quantile,05,4.0,3,MOBS-GLEAM_FLUH
2023-02-04,wk inc flu hosp,2023-02-04,0.2,quantile,05,10.0,0,MOBS-GLEAM_FLUH
2023-02-04,wk inc flu hosp,2023-02-11,0.2,quantile,05,7.0,1,MOBS-GLEAM_FLUH
2023-02-04,wk inc flu hosp,2023-02-18,0.2,quantile,05,6.0,2,MOBS-GLEAM_FLUH
2023-02-04,wk inc flu hosp,2023-02-25,0.2,quantile,05,5.0,3,MOBS-GLEAM_FLUH
2023-02-04,wk inc flu hosp,2023-02-04,0.25,quantile,05,11.0,0,MOBS-GLEAM_FLUH
2023-02-04,wk inc flu hosp,2023-02-11,0.25,quantile,05,8.0,1,MOBS-GLEAM_FLUH
2023-02-04,wk inc flu hosp,2023-02-18,0.25,quantile,05,7.0,2,MOBS-GLEAM_FLUH
2023-02-04,wk inc flu hosp,2023-02-25,0.25,quantile,05,6.0,3,MOBS-GLEAM_FLUH
2023-02-04,wk inc flu hosp,2023-02-04,0.3,quantile,05,13.0,0,MOBS-GLEAM_FLUH
2023-02-04,wk inc flu hosp,2023-02-11,0.3,quantile,05,9.0,1,MOBS-GLEAM_FLUH
2023-02-04,wk inc flu hosp,2023-02-18,0.3,quantile,05,7.0,2,MOBS-GLEAM_FLUH
2023-02-04,wk inc flu hosp,2023-02-25,0.3,quantile,05,6.0,3,MOBS-GLEAM_FLUH
2023-02-04,wk inc flu hosp,2023-02-04,0.35,quantile,05,14.0,0,MOBS-GLEAM_FLUH
2023-02-04,wk inc flu hosp,2023-02-11,0.35,quantile,05,10.0,1,MOBS-GLEAM_FLUH
2023-02-04,wk inc flu hosp,2023-02-18,0.35,quantile,05,8.0,2,MOBS-GLEAM_FLUH
2023-02-04,wk inc flu hosp,2023-02-25,0.35,quantile,05,7.0,3,MOBS-GLEAM_FLUH
2023-02-04,wk inc flu hosp,2023-02-04,0.4,quantile,05,15.0,0,MOBS-GLEAM_FLUH
2023-02-04,wk inc flu hosp,2023-02-11,0.4,quantile,05,11.0,1,MOBS-GLEAM_FLUH
2023-02-04,wk inc flu hosp,2023-02-18,0.4,quantile,05,9.0,2,MOBS-GLEAM_FLUH
2023-02-04,wk inc flu hosp,2023-02-25,0.4,quantile,05,8.0,3,MOBS-GLEAM_FLUH
2023-02-04,wk inc flu hosp,2023-02-04,0.45,quantile,05,16.0,0,MOBS-GLEAM_FLUH
2023-02-04,wk inc flu hosp,2023-02-11,0.45,quantile,05,12.0,1,MOBS-GLEAM_FLUH
2023-02-04,wk inc flu hosp,2023-02-18,0.45,quantile,05,9.0,2,MOBS-GLEAM_FLUH
2023-02-04,wk inc flu hosp,2023-02-25,0.45,quantile,05,8.0,3,MOBS-GLEAM_FLUH
2023-02-04,wk inc flu hosp,2023-02-04,0.5,quantile,05,17.0,0,MOBS-GLEAM_FLUH
2023-02-04,wk inc flu hosp,2023-02-11,0.5,quantile,05,12.0,1,MOBS-GLEAM_FLUH
2023-02-04,wk inc flu hosp,2023-02-18,0.5,quantile,05,10.0,2,MOBS-GLEAM_FLUH
2023-02-04,wk inc flu hosp,2023-02-25,0.5,quantile,05,9.0,3,MOBS-GLEAM_FLUH
2023-02-04,wk inc flu hosp,2023-02-04,0.55,quantile,05,18.0,0,MOBS-GLEAM_FLUH
2023-02-04,wk inc flu hosp,2023-02-11,0.55,quantile,05,13.0,1,MOBS-GLEAM_FLUH
2023-02-04,wk inc flu hosp,2023-02-18,0.55,quantile,05,11.0,2,MOBS-GLEAM_FLUH
2023-02-04,wk inc flu hosp,2023-02-25,0.55,quantile,05,10.0,3,MOBS-GLEAM_FLUH
2023-02-04,wk inc flu hosp,2023-02-04,0.6,quantile,05,19.0,0,MOBS-GLEAM_FLUH
2023-02-04,wk inc flu hosp,2023-02-11,0.6,quantile,05,14.0,1,MOBS-GLEAM_FLUH
2023-02-04,wk inc flu hosp,2023-02-18,0.6,quantile,05,12.0,2,MOBS-GLEAM_FLUH
2023-02-04,wk inc flu hosp,2023-02-25,0.6,quantile,05,10.0,3,MOBS-GLEAM_FLUH
2023-02-04,wk inc flu hosp,2023-02-04,0.65,quantile,05,20.0,0,MOBS-GLEAM_FLUH
2023-02-04,wk inc flu hosp,2023-02-11,0.65,quantile,05,15.0,1,MOBS-GLEAM_FLUH
2023-02-04,wk inc flu hosp,2023-02-18,0.65,quantile,05,12.0,2,MOBS-GLEAM_FLUH
2023-02-04,wk inc flu hosp,2023-02-25,0.65,quantile,05,11.0,3,MOBS-GLEAM_FLUH
2023-02-04,wk inc flu hosp,2023-02-04,0.7,quantile,05,22.0,0,MOBS-GLEAM_FLUH
2023-02-04,wk inc flu hosp,2023-02-11,0.7,quantile,05,16.0,1,MOBS-GLEAM_FLUH
2023-02-04,wk inc flu hosp,2023-02-18,0.7,quantile,05,13.0,2,MOBS-GLEAM_FLUH
2023-02-04,wk inc flu hosp,2023-02-25,0.7,quantile,05,12.0,3,MOBS-GLEAM_FLUH
2023-02-04,wk inc flu hosp,2023-02-04,0.75,quantile,05,23.0,0,MOBS-GLEAM_FLUH
2023-02-04,wk inc flu hosp,2023-02-11,0.75,quantile,05,17.0,1,MOBS-GLEAM_FLUH
2023-02-04,wk inc flu hosp,2023-02-18,0.75,quantile,05,14.0,2,MOBS-GLEAM_FLUH
2023-02-04,wk inc flu hosp,2023-02-25,0.75,quantile,05,13.0,3,MOBS-GLEAM_FLUH
2023-02-04,wk inc flu hosp,2023-02-04,0.8,quantile,05,25.0,0,MOBS-GLEAM_FLUH
2023-02-04,wk inc flu hosp,2023-02-11,0.8,quantile,05,19.0,1,MOBS-GLEAM_FLUH
2023-02-04,wk inc flu hosp,2023-02-18,0.8,quantile,05,16.0,2,MOBS-GLEAM_FLUH
2023-02-04,wk inc flu hosp,2023-02-25,0.8,quantile,05,14.0,3,MOBS-GLEAM_FLUH
2023-02-04,wk inc flu hosp,2023-02-04,0.85,quantile,05,27.0,0,MOBS-GLEAM_FLUH
2023-02-04,wk inc flu hosp,2023-02-11,0.85,quantile,05,21.0,1,MOBS-GLEAM_FLUH
2023-02-04,wk inc flu hosp,2023-02-18,0.85,quantile,05,17.0,2,MOBS-GLEAM_FLUH
2023-02-04,wk inc flu hosp,2023-02-25,0.85,quantile,05,15.0,3,MOBS-GLEAM_FLUH
2023-02-04,wk inc flu hosp,2023-02-04,0.9,quantile,05,30.0,0,MOBS-GLEAM_FLUH
2023-02-04,wk inc flu hosp,2023-02-11,0.9,quantile,05,23.0,1,MOBS-GLEAM_FLUH
2023-02-04,wk inc flu hosp,2023-02-18,0.9,quantile,05,19.0,2,MOBS-GLEAM_FLUH
2023-02-04,wk inc flu hosp,2023-02-25,0.9,quantile,05,17.0,3,MOBS-GLEAM_FLUH
2023-02-04,wk inc flu hosp,2023-02-04,0.95,quantile,05,35.0,0,MOBS-GLEAM_FLUH
2023-02-04,wk inc flu hosp,2023-02-11,0.95,quantile,05,27.0,1,MOBS-GLEAM_FLUH
2023-02-04,wk inc flu hosp,2023-02-18,0.95,quantile,05,22.0,2,MOBS-GLEAM_FLUH
2023-02-04,wk inc flu hosp,2023-02-25,0.95,quantile,05,20.0,3,MOBS-GLEAM_FLUH
2023-02-04,wk inc flu hosp,2023-02-04,0.975,quantile,05,40.0,0,MOBS-GLEAM_FLUH
2023-02-04,wk inc flu hosp,2023-02-11,0.975,quantile,05,30.0,1,MOBS-GLEAM_FLUH
2023-02-04,wk inc flu hosp,2023-02-18,0.975,quantile,05,25.0,2,MOBS-GLEAM_FLUH
2023-02-04,wk inc flu hosp,2023-02-25,0.975,quantile,05,22.0,3,MOBS-GLEAM_FLUH
2023-02-04,wk inc flu hosp,2023-02-04,0.99,quantile,05,45.0,0,MOBS-GLEAM_FLUH
2023-02-04,wk inc flu hosp,2023-02-11,0.99,quantile,05,34.0,1,MOBS-GLEAM_FLUH
2023-02-04,wk inc flu hosp,2023-02-18,0.99,quantile,05,29.0,2,MOBS-GLEAM_FLUH
2023-02-04,wk inc flu hosp,2023-02-25,0.99,quantile,05,26.0,3,MOBS-GLEAM_FLUH
2023-02-04,wk inc flu hosp,2023-02-04,nan,point,06,96.0,0,MOBS-GLEAM_FLUH
2023-02-04,wk inc flu hosp,2023-02-11,nan,point,06,80.0,1,MOBS-GLEAM_FLUH
2023-02-04,wk inc flu hosp,2023-02-18,nan,point,06,68.0,2,MOBS-GLEAM_FLUH
2023-02-04,wk inc flu hosp,2023-02-25,nan,point,06,59.0,3,MOBS-GLEAM_FLUH
2023-02-04,wk inc flu hosp,2023-02-04,0.01,quantile,06,24.0,0,MOBS-GLEAM_FLUH
2023-02-04,wk inc flu hosp,2023-02-11,0.01,quantile,06,20.0,1,MOBS-GLEAM_FLUH
2023-02-04,wk inc flu hosp,2023-02-18,0.01,quantile,06,17.0,2,MOBS-GLEAM_FLUH
2023-02-04,wk inc flu hosp,2023-02-25,0.01,quantile,06,14.0,3,MOBS-GLEAM_FLUH
2023-02-04,wk inc flu hosp,2023-02-04,0.025,quantile,06,32.0,0,MOBS-GLEAM_FLUH
2023-02-04,wk inc flu hosp,2023-02-11,0.025,quantile,06,26.0,1,MOBS-GLEAM_FLUH
2023-02-04,wk inc flu hosp,2023-02-18,0.025,quantile,06,22.0,2,MOBS-GLEAM_FLUH
2023-02-04,wk inc flu hosp,2023-02-25,0.025,quantile,06,19.0,3,MOBS-GLEAM_FLUH
2023-02-04,wk inc flu hosp,2023-02-04,0.05,quantile,06,39.0,0,MOBS-GLEAM_FLUH
2023-02-04,wk inc flu hosp,2023-02-11,0.05,quantile,06,32.0,1,MOBS-GLEAM_FLUH
2023-02-04,wk inc flu hosp,2023-02-18,0.05,quantile,06,27.0,2,MOBS-GLEAM_FLUH
2023-02-04,wk inc flu hosp,2023-02-25,0.05,quantile,06,23.0,3,MOBS-GLEAM_FLUH
2023-02-04,wk inc flu hosp,2023-02-04,0.1,quantile,06,49.0,0,MOBS-GLEAM_FLUH
2023-02-04,wk inc flu hosp,2023-02-11,0.1,quantile,06,40.0,1,MOBS-GLEAM_FLUH
2023-02-04,wk inc flu hosp,2023-02-18,0.1,quantile,06,34.0,2,MOBS-GLEAM_FLUH
2023-02-04,wk inc flu hosp,2023-02-25,0.1,quantile,06,30.0,3,MOBS-GLEAM_FLUH
2023-02-04,wk inc flu hosp,2023-02-04,0.15,quantile,06,56.0,0,MOBS-GLEAM_FLUH
2023-02-04,wk inc flu hosp,2023-02-11,0.15,quantile,06,46.0,1,MOBS-GLEAM_FLUH
2023-02-04,wk inc flu hosp,2023-02-18,0.15,quantile,06,40.0,2,MOBS-GLEAM_FLUH
2023-02-04,wk inc flu hosp,2023-02-25,0.15,quantile,06,34.0,3,MOBS-GLEAM_FLUH
2023-02-04,wk inc flu hosp,2023-02-04,0.2,quantile,06,63.0,0,MOBS-GLEAM_FLUH
2023-02-04,wk inc flu hosp,2023-02-11,0.2,quantile,06,52.0,1,MOBS-GLEAM_FLUH
2023-02-04,wk inc flu hosp,2023-02-18,0.2,quantile,06,44.0,2,MOBS-GLEAM_FLUH
2023-02-04,wk inc flu hosp,2023-02-25,0.2,quantile,06,38.0,3,MOBS-GLEAM_FLUH
2023-02-04,wk inc flu hosp,2023-02-04,0.25,quantile,06,68.0,0,MOBS-GLEAM_FLUH
2023-02-04,wk inc flu hosp,2023-02-11,0.25,quantile,06,57.0,1,MOBS-GLEAM_FLUH
2023-02-04,wk inc flu hosp,2023-02-18,0.25,quantile,06,48.0,2,MOBS-GLEAM_FLUH
2023-02-04,wk inc flu hosp,2023-02-25,0.25,quantile,06,42.0,3,MOBS-GLEAM_FLUH
2023-02-04,wk inc flu hosp,2023-02-04,0.3,quantile,06,74.0,0,MOBS-GLEAM_FLUH
2023-02-04,wk inc flu hosp,2023-02-11,0.3,quantile,06,61.0,1,MOBS-GLEAM_FLUH
2023-02-04,wk inc flu hosp,2023-02-18,0.3,quantile,06,52.0,2,MOBS-GLEAM_FLUH
2023-02-04,wk inc flu hosp,2023-02-25,0.3,quantile,06,45.0,3,MOBS-GLEAM_FLUH
2023-02-04,wk inc flu hosp,2023-02-04,0.35,quantile,06,79.0,0,MOBS-GLEAM_FLUH
2023-02-04,wk inc flu hosp,2023-02-11,0.35,quantile,06,66.0,1,MOBS-GLEAM_FLUH
2023-02-04,wk inc flu hosp,2023-02-18,0.35,quantile,06,56.0,2,MOBS-GLEAM_FLUH
2023-02-04,wk inc flu hosp,2023-02-25,0.35,quantile,06,49.0,3,MOBS-GLEAM_FLUH
2023-02-04,wk inc flu hosp,2023-02-04,0.4,quantile,06,85.0,0,MOBS-GLEAM_FLUH
2023-02-04,wk inc flu hosp,2023-02-11,0.4,quantile,06,70.0,1,MOBS-GLEAM_FLUH
2023-02-04,wk inc flu hosp,2023-02-18,0.4,quantile,06,60.0,2,MOBS-GLEAM_FLUH
2023-02-04,wk inc flu hosp,2023-02-25,0.4,quantile,06,52.0,3,MOBS-GLEAM_FLUH
2023-02-04,wk inc flu hosp,2023-02-04,0.45,quantile,06,90.0,0,MOBS-GLEAM_FLUH
2023-02-04,wk inc flu hosp,2023-02-11,0.45,quantile,06,75.0,1,MOBS-GLEAM_FLUH
2023-02-04,wk inc flu hosp,2023-02-18,0.45,quantile,06,64.0,2,MOBS-GLEAM_FLUH
2023-02-04,wk inc flu hosp,2023-02-25,0.45,quantile,06,55.0,3,MOBS-GLEAM_FLUH
2023-02-04,wk inc flu hosp,2023-02-04,0.5,quantile,06,96.0,0,MOBS-GLEAM_FLUH
2023-02-04,wk inc flu hosp,2023-02-11,0.5,quantile,06,80.0,1,MOBS-GLEAM_FLUH
2023-02-04,wk inc flu hosp,2023-02-18,0.5,quantile,06,68.0,2,MOBS-GLEAM_FLUH
2023-02-04,wk inc flu hosp,2023-02-25,0.5,quantile,06,59.0,3,MOBS-GLEAM_FLUH
2023-02-04,wk inc flu hosp,2023-02-04,0.55,quantile,06,102.0,0,MOBS-GLEAM_FLUH
2023-02-04,wk inc flu hosp,2023-02-11,0.55,quantile,06,84.0,1,MOBS-GLEAM_FLUH
2023-02-04,wk inc flu hosp,2023-02-18,0.55,quantile,06,72.0,2,MOBS-GLEAM_FLUH
2023-02-04,wk inc flu hosp,2023-02-25,0.55,quantile,06,63.0,3,MOBS-GLEAM_FLUH
2023-02-04,wk inc flu hosp,2023-02-04,0.6,quantile,06,108.0,0,MOBS-GLEAM_FLUH
2023-02-04,wk inc flu hosp,2023-02-11,0.6,quantile,06,90.0,1,MOBS-GLEAM_FLUH
2023-02-04,wk inc flu hosp,2023-02-18,0.6,quantile,06,76.0,2,MOBS-GLEAM_FLUH
2023-02-04,wk inc flu hosp,2023-02-25,0.6,quantile,06,66.0,3,MOBS-GLEAM_FLUH
2023-02-04,wk inc flu hosp,2023-02-04,0.65,quantile,06,114.0,0,MOBS-GLEAM_FLUH
2023-02-04,wk inc flu hosp,2023-02-11,0.65,quantile,06,95.0,1,MOBS-GLEAM_FLUH
2023-02-04,wk inc flu hosp,2023-02-18,0.65,quantile,06,81.0,2,MOBS-GLEAM_FLUH
2023-02-04,wk inc flu hosp,2023-02-25,0.65,quantile,06,70.0,3,MOBS-GLEAM_FLUH
2023-02-04,wk inc flu hosp,2023-02-04,0.7,quantile,06,121.0,0,MOBS-GLEAM_FLUH
2023-02-04,wk inc flu hosp,2023-02-11,0.7,quantile,06,101.0,1,MOBS-GLEAM_FLUH
2023-02-04,wk inc flu hosp,2023-02-18,0.7,quantile,06,86.0,2,MOBS-GLEAM_FLUH
2023-02-04,wk inc flu hosp,2023-02-25,0.7,quantile,06,75.0,3,MOBS-GLEAM_FLUH
2023-02-04,wk inc flu hosp,2023-02-04,0.75,quantile,06,130.0,0,MOBS-GLEAM_FLUH
2023-02-04,wk inc flu hosp,2023-02-11,0.75,quantile,06,108.0,1,MOBS-GLEAM_FLUH
2023-02-04,wk inc flu hosp,2023-02-18,0.75,quantile,06,92.0,2,MOBS-GLEAM_FLUH
2023-02-04,wk inc flu hosp,2023-02-25,0.75,quantile,06,80.0,3,MOBS-GLEAM_FLUH
2023-02-04,wk inc flu hosp,2023-02-04,0.8,quantile,06,139.0,0,MOBS-GLEAM_FLUH
2023-02-04,wk inc flu hosp,2023-02-11,0.8,quantile,06,116.0,1,MOBS-GLEAM_FLUH
2023-02-04,wk inc flu hosp,2023-02-18,0.8,quantile,06,99.0,2,MOBS-GLEAM_FLUH
2023-02-04,wk inc flu hosp,2023-02-25,0.8,quantile,06,86.0,3,MOBS-GLEAM_FLUH
2023-02-04,wk inc flu hosp,2023-02-04,0.85,quantile,06,150.0,0,MOBS-GLEAM_FLUH
2023-02-04,wk inc flu hosp,2023-02-11,0.85,quantile,06,125.0,1,MOBS-GLEAM_FLUH
2023-02-04,wk inc flu hosp,2023-02-18,0.85,quantile,06,107.0,2,MOBS-GLEAM_FLUH
2023-02-04,wk inc flu hosp,2023-02-25,0.85,quantile,06,93.0,3,MOBS-GLEAM_FLUH
2023-02-04,wk inc flu hosp,2023-02-04,0.9,quantile,06,166.0,0,MOBS-GLEAM_FLUH
2023-02-04,wk inc flu hosp,2023-02-11,0.9,quantile,06,138.0,1,MOBS-GLEAM_FLUH
2023-02-04,wk inc flu hosp,2023-02-18,0.9,quantile,06,118.0,2,MOBS-GLEAM_FLUH
2023-02-04,wk inc flu hosp,2023-02-25,0.9,quantile,06,103.0,3,MOBS-GLEAM_FLUH
2023-02-04,wk inc flu hosp,2023-02-04,0.95,quantile,06,190.0,0,MOBS-GLEAM_FLUH
2023-02-04,wk inc flu hosp,2023-02-11,0.95,quantile,06,158.0,1,MOBS-GLEAM_FLUH
2023-02-04,wk inc flu hosp,2023-02-18,0.95,quantile,06,136.0,2,MOBS-GLEAM_FLUH
2023-02-04,wk inc flu hosp,2023-02-25,0.95,quantile,06,118.0,3,MOBS-GLEAM_FLUH
2023-02-04,wk inc flu hosp,2023-02-04,0.975,quantile,06,213.0,0,MOBS-GLEAM_FLUH
2023-02-04,wk inc flu hosp,2023-02-11,0.975,quantile,06,177.0,1,MOBS-GLEAM_FLUH
2023-02-04,wk inc flu hosp,2023-02-18,0.975,quantile,06,152.0,2,MOBS-GLEAM_FLUH
2023-02-04,wk inc flu hosp,2023-02-25,0.975,quantile,06,132.0,3,MOBS-GLEAM_FLUH
2023-02-04,wk inc flu hosp,2023-02-04,0.99,quantile,06,242.0,0,MOBS-GLEAM_FLUH
2023-02-04,wk inc flu hosp,2023-02-11,0.99,quantile,06,201.0,1,MOBS-GLEAM_FLUH
2023-02-04,wk inc flu hosp,2023-02-18,0.99,quantile,06,173.0,2,MOBS-GLEAM_FLUH
2023-02-04,wk inc flu hosp,2023-02-25,0.99,quantile,06,150.0,3,MOBS-GLEAM_FLUH
2023-02-04,wk inc flu hosp,2023-02-04,nan,point,08,28.0,0,MOBS-GLEAM_FLUH
2023-02-04,wk inc flu hosp,2023-02-11,nan,point,08,23.0,1,MOBS-GLEAM_FLUH
2023-02-04,wk inc flu hosp,2023-02-18,nan,point,08,18.0,2,MOBS-GLEAM_FLUH
2023-02-04,wk inc flu hosp,2023-02-25,nan,point,08,15.0,3,MOBS-GLEAM_FLUH
2023-02-04,wk inc flu hosp,2023-02-04,0.01,quantile,08,6.0,0,MOBS-GLEAM_FLUH
2023-02-04,wk inc flu hosp,2023-02-11,0.01,quantile,08,5.0,1,MOBS-GLEAM_FLUH
2023-02-04,wk inc flu hosp,2023-02-18,0.01,quantile,08,3.0,2,MOBS-GLEAM_FLUH
2023-02-04,wk inc flu hosp,2023-02-25,0.01,quantile,08,2.0,3,MOBS-GLEAM_FLUH
2023-02-04,wk inc flu hosp,2023-02-04,0.025,quantile,08,8.0,0,MOBS-GLEAM_FLUH
2023-02-04,wk inc flu hosp,2023-02-11,0.025,quantile,08,6.0,1,MOBS-GLEAM_FLUH
2023-02-04,wk inc flu hosp,2023-02-18,0.025,quantile,08,5.0,2,MOBS-GLEAM_FLUH
2023-02-04,wk inc flu hosp,2023-02-25,0.025,quantile,08,4.0,3,MOBS-GLEAM_FLUH
2023-02-04,wk inc flu hosp,2023-02-04,0.05,quantile,08,11.0,0,MOBS-GLEAM_FLUH
2023-02-04,wk inc flu hosp,2023-02-11,0.05,quantile,08,8.0,1,MOBS-GLEAM_FLUH
2023-02-04,wk inc flu hosp,2023-02-18,0.05,quantile,08,6.0,2,MOBS-GLEAM_FLUH
2023-02-04,wk inc flu hosp,2023-02-25,0.05,quantile,08,5.0,3,MOBS-GLEAM_FLUH
2023-02-04,wk inc flu hosp,2023-02-04,0.1,quantile,08,14.0,0,MOBS-GLEAM_FLUH
2023-02-04,wk inc flu hosp,2023-02-11,0.1,quantile,08,11.0,1,MOBS-GLEAM_FLUH
2023-02-04,wk inc flu hosp,2023-02-18,0.1,quantile,08,8.0,2,MOBS-GLEAM_FLUH
2023-02-04,wk inc flu hosp,2023-02-25,0.1,quantile,08,7.0,3,MOBS-GLEAM_FLUH
2023-02-04,wk inc flu hosp,2023-02-04,0.15,quantile,08,16.0,0,MOBS-GLEAM_FLUH
2023-02-04,wk inc flu hosp,2023-02-11,0.15,quantile,08,13.0,1,MOBS-GLEAM_FLUH
2023-02-04,wk inc flu hosp,2023-02-18,0.15,quantile,08,10.0,2,MOBS-GLEAM_FLUH
2023-02-04,wk inc flu hosp,2023-02-25,0.15,quantile,08,8.0,3,MOBS-GLEAM_FLUH
2023-02-04,wk inc flu hosp,2023-02-04,0.2,quantile,08,18.0,0,MOBS-GLEAM_FLUH
2023-02-04,wk inc flu hosp,2023-02-11,0.2,quantile,08,14.0,1,MOBS-GLEAM_FLUH
2023-02-04,wk inc flu hosp,2023-02-18,0.2,quantile,08,11.0,2,MOBS-GLEAM_FLUH
2023-02-04,wk inc flu hosp,2023-02-25,0.2,quantile,08,9.0,3,MOBS-GLEAM_FLUH
2023-02-04,wk inc flu hosp,2023-02-04,0.25,quantile,08,20.0,0,MOBS-GLEAM_FLUH
2023-02-04,wk inc flu hosp,2023-02-11,0.25,quantile,08,16.0,1,MOBS-GLEAM_FLUH
2023-02-04,wk inc flu hosp,2023-02-18,0.25,quantile,08,12.0,2,MOBS-GLEAM_FLUH
2023-02-04,wk inc flu hosp,2023-02-25,0.25,quantile,08,10.0,3,MOBS-GLEAM_FLUH
2023-02-04,wk inc flu hosp,2023-02-04,0.3,quantile,08,22.0,0,MOBS-GLEAM_FLUH
2023-02-04,wk inc flu hosp,2023-02-11,0.3,quantile,08,17.0,1,MOBS-GLEAM_FLUH
2023-02-04,wk inc flu hosp,2023-02-18,0.3,quantile,08,14.0,2,MOBS-GLEAM_FLUH
2023-02-04,wk inc flu hosp,2023-02-25,0.3,quantile,08,11.0,3,MOBS-GLEAM_FLUH
2023-02-04,wk inc flu hosp,2023-02-04,0.35,quantile,08,23.0,0,MOBS-GLEAM_FLUH
2023-02-04,wk inc flu hosp,2023-02-11,0.35,quantile,08,18.0,1,MOBS-GLEAM_FLUH
2023-02-04,wk inc flu hosp,2023-02-18,0.35,quantile,08,15.0,2,MOBS-GLEAM_FLUH
2023-02-04,wk inc flu hosp,2023-02-25,0.35,quantile,08,12.0,3,MOBS-GLEAM_FLUH
2023-02-04,wk inc flu hosp,2023-02-04,0.4,quantile,08,25.0,0,MOBS-GLEAM_FLUH
2023-02-04,wk inc flu hosp,2023-02-11,0.4,quantile,08,20.0,1,MOBS-GLEAM_FLUH
2023-02-04,wk inc flu hosp,2023-02-18,0.4,quantile,08,16.0,2,MOBS-GLEAM_FLUH
2023-02-04,wk inc flu hosp,2023-02-25,0.4,quantile,08,13.0,3,MOBS-GLEAM_FLUH
2023-02-04,wk inc flu hosp,2023-02-04,0.45,quantile,08,27.0,0,MOBS-GLEAM_FLUH
2023-02-04,wk inc flu hosp,2023-02-11,0.45,quantile,08,21.0,1,MOBS-GLEAM_FLUH
2023-02-04,wk inc flu hosp,2023-02-18,0.45,quantile,08,17.0,2,MOBS-GLEAM_FLUH
2023-02-04,wk inc flu hosp,2023-02-25,0.45,quantile,08,14.0,3,MOBS-GLEAM_FLUH
2023-02-04,wk inc flu hosp,2023-02-04,0.5,quantile,08,28.0,0,MOBS-GLEAM_FLUH
2023-02-04,wk inc flu hosp,2023-02-11,0.5,quantile,08,23.0,1,MOBS-GLEAM_FLUH
2023-02-04,wk inc flu hosp,2023-02-18,0.5,quantile,08,18.0,2,MOBS-GLEAM_FLUH
2023-02-04,wk inc flu hosp,2023-02-25,0.5,quantile,08,15.0,3,MOBS-GLEAM_FLUH
2023-02-04,wk inc flu hosp,2023-02-04,0.55,quantile,08,30.0,0,MOBS-GLEAM_FLUH
2023-02-04,wk inc flu hosp,2023-02-11,0.55,quantile,08,24.0,1,MOBS-GLEAM_FLUH
2023-02-04,wk inc flu hosp,2023-02-18,0.55,quantile,08,19.0,2,MOBS-GLEAM_FLUH
2023-02-04,wk inc flu hosp,2023-02-25,0.55,quantile,08,16.0,3,MOBS-GLEAM_FLUH
2023-02-04,wk inc flu hosp,2023-02-04,0.6,quantile,08,32.0,0,MOBS-GLEAM_FLUH
2023-02-04,wk inc flu hosp,2023-02-11,0.6,quantile,08,26.0,1,MOBS-GLEAM_FLUH
2023-02-04,wk inc flu hosp,2023-02-18,0.6,quantile,08,21.0,2,MOBS-GLEAM_FLUH
2023-02-04,wk inc flu hosp,2023-02-25,0.6,quantile,08,17.0,3,MOBS-GLEAM_FLUH
2023-02-04,wk inc flu hosp,2023-02-04,0.65,quantile,08,34.0,0,MOBS-GLEAM_FLUH
2023-02-04,wk inc flu hosp,2023-02-11,0.65,quantile,08,27.0,1,MOBS-GLEAM_FLUH
2023-02-04,wk inc flu hosp,2023-02-18,0.65,quantile,08,22.0,2,MOBS-GLEAM_FLUH
2023-02-04,wk inc flu hosp,2023-02-25,0.65,quantile,08,18.0,3,MOBS-GLEAM_FLUH
2023-02-04,wk inc flu hosp,2023-02-04,0.7,quantile,08,37.0,0,MOBS-GLEAM_FLUH
2023-02-04,wk inc flu hosp,2023-02-11,0.7,quantile,08,29.0,1,MOBS-GLEAM_FLUH
2023-02-04,wk inc flu hosp,2023-02-18,0.7,quantile,08,23.0,2,MOBS-GLEAM_FLUH
2023-02-04,wk inc flu hosp,2023-02-25,0.7,quantile,08,19.0,3,MOBS-GLEAM_FLUH
2023-02-04,wk inc flu hosp,2023-02-04,0.75,quantile,08,39.0,0,MOBS-GLEAM_FLUH
2023-02-04,wk inc flu hosp,2023-02-11,0.75,quantile,08,31.0,1,MOBS-GLEAM_FLUH
2023-02-04,wk inc flu hosp,2023-02-18,0.75,quantile,08,25.0,2,MOBS-GLEAM_FLUH
2023-02-04,wk inc flu hosp,2023-02-25,0.75,quantile,08,20.0,3,MOBS-GLEAM_FLUH
2023-02-04,wk inc flu hosp,2023-02-04,0.8,quantile,08,42.0,0,MOBS-GLEAM_FLUH
2023-02-04,wk inc flu hosp,2023-02-11,0.8,quantile,08,34.0,1,MOBS-GLEAM_FLUH
2023-02-04,wk inc flu hosp,2023-02-18,0.8,quantile,08,27.0,2,MOBS-GLEAM_FLUH
2023-02-04,wk inc flu hosp,2023-02-25,0.8,quantile,08,22.0,3,MOBS-GLEAM_FLUH
2023-02-04,wk inc flu hosp,2023-02-04,0.85,quantile,08,46.0,0,MOBS-GLEAM_FLUH
2023-02-04,wk inc flu hosp,2023-02-11,0.85,quantile,08,37.0,1,MOBS-GLEAM_FLUH
2023-02-04,wk inc flu hosp,2023-02-18,0.85,quantile,08,30.0,2,MOBS-GLEAM_FLUH
2023-02-04,wk inc flu hosp,2023-02-25,0.85,quantile,08,24.0,3,MOBS-GLEAM_FLUH
2023-02-04,wk inc flu hosp,2023-02-04,0.9,quantile,08,50.0,0,MOBS-GLEAM_FLUH
2023-02-04,wk inc flu hosp,2023-02-11,0.9,quantile,08,41.0,1,MOBS-GLEAM_FLUH
2023-02-04,wk inc flu hosp,2023-02-18,0.9,quantile,08,33.0,2,MOBS-GLEAM_FLUH
2023-02-04,wk inc flu hosp,2023-02-25,0.9,quantile,08,27.0,3,MOBS-GLEAM_FLUH
2023-02-04,wk inc flu hosp,2023-02-04,0.95,quantile,08,58.0,0,MOBS-GLEAM_FLUH
2023-02-04,wk inc flu hosp,2023-02-11,0.95,quantile,08,47.0,1,MOBS-GLEAM_FLUH
2023-02-04,wk inc flu hosp,2023-02-18,0.95,quantile,08,38.0,2,MOBS-GLEAM_FLUH
2023-02-04,wk inc flu hosp,2023-02-25,0.95,quantile,08,31.0,3,MOBS-GLEAM_FLUH
2023-02-04,wk inc flu hosp,2023-02-04,0.975,quantile,08,65.0,0,MOBS-GLEAM_FLUH
2023-02-04,wk inc flu hosp,2023-02-11,0.975,quantile,08,53.0,1,MOBS-GLEAM_FLUH
2023-02-04,wk inc flu hosp,2023-02-18,0.975,quantile,08,43.0,2,MOBS-GLEAM_FLUH
2023-02-04,wk inc flu hosp,2023-02-25,0.975,quantile,08,35.0,3,MOBS-GLEAM_FLUH
2023-02-04,wk inc flu hosp,2023-02-04,0.99,quantile,08,74.0,0,MOBS-GLEAM_FLUH
2023-02-04,wk inc flu hosp,2023-02-11,0.99,quantile,08,60.0,1,MOBS-GLEAM_FLUH
2023-02-04,wk inc flu hosp,2023-02-18,0.99,quantile,08,49.0,2,MOBS-GLEAM_FLUH
2023-02-04,wk inc flu hosp,2023-02-25,0.99,quantile,08,40.0,3,MOBS-GLEAM_FLUH
2023-02-04,wk inc flu hosp,2023-02-04,nan,point,09,25.64816155967474,0,MOBS-GLEAM_FLUH
2023-02-04,wk inc flu hosp,2023-02-11,nan,point,09,16.898222751877476,1,MOBS-GLEAM_FLUH
2023-02-04,wk inc flu hosp,2023-02-18,nan,point,09,11.000328288731572,2,MOBS-GLEAM_FLUH
2023-02-04,wk inc flu hosp,2023-02-25,nan,point,09,7.438101499771691,3,MOBS-GLEAM_FLUH
2023-02-04,wk inc flu hosp,2023-02-04,0.01,quantile,09,6.935425507871502,0,MOBS-GLEAM_FLUH
2023-02-04,wk inc flu hosp,2023-02-11,0.01,quantile,09,4.881542689508579,1,MOBS-GLEAM_FLUH
2023-02-04,wk inc flu hosp,2023-02-18,0.01,quantile,09,3.7950540399471127,2,MOBS-GLEAM_FLUH
2023-02-04,wk inc flu hosp,2023-02-25,0.01,quantile,09,3.3201601060873074,3,MOBS-GLEAM_FLUH
2023-02-04,wk inc flu hosp,2023-02-04,0.025,quantile,09,8.091848171644967,0,MOBS-GLEAM_FLUH
2023-02-04,wk inc flu hosp,2023-02-11,0.025,quantile,09,5.559532598010652,1,MOBS-GLEAM_FLUH
2023-02-04,wk inc flu hosp,2023-02-18,0.025,quantile,09,4.169720768373713,2,MOBS-GLEAM_FLUH
2023-02-04,wk inc flu hosp,2023-02-25,0.025,quantile,09,3.5305492335014077,3,MOBS-GLEAM_FLUH
2023-02-04,wk inc flu hosp,2023-02-04,0.05,quantile,09,9.501299174494148,0,MOBS-GLEAM_FLUH
2023-02-04,wk inc flu hosp,2023-02-11,0.05,quantile,09,6.37640819836708,1,MOBS-GLEAM_FLUH
2023-02-04,wk inc flu hosp,2023-02-18,0.05,quantile,09,4.624709060584864,2,MOBS-GLEAM_FLUH
2023-02-04,wk inc flu hosp,2023-02-25,0.05,quantile,09,3.7298230537769945,3,MOBS-GLEAM_FLUH
2023-02-04,wk inc flu hosp,2023-02-04,0.1,quantile,09,11.78643727446194,0,MOBS-GLEAM_FLUH
2023-02-04,wk inc flu hosp,2023-02-11,0.1,quantile,09,7.693508341768456,1,MOBS-GLEAM_FLUH
2023-02-04,wk inc flu hosp,2023-02-18,0.1,quantile,09,5.3630665446137415,2,MOBS-GLEAM_FLUH
2023-02-04,wk inc flu hosp,2023-02-25,0.1,quantile,09,4.144516462592232,3,MOBS-GLEAM_FLUH
2023-02-04,wk inc flu hosp,2023-02-04,0.15,quantile,09,13.55240644292129,0,MOBS-GLEAM_FLUH
2023-02-04,wk inc flu hosp,2023-02-11,0.15,quantile,09,8.861376021076472,1,MOBS-GLEAM_FLUH
2023-02-04,wk inc flu hosp,2023-02-18,0.15,quantile,09,6.018894597153464,2,MOBS-GLEAM_FLUH
2023-02-04,wk inc flu hosp,2023-02-25,0.15,quantile,09,4.503029124220304,3,MOBS-GLEAM_FLUH
2023-02-04,wk inc flu hosp,2023-02-04,0.2,quantile,09,15.19198963606588,0,MOBS-GLEAM_FLUH
2023-02-04,wk inc flu hosp,2023-02-11,0.2,quantile,09,9.92974971579597,1,MOBS-GLEAM_FLUH
2023-02-04,wk inc flu hosp,2023-02-18,0.2,quantile,09,6.642178158244941,2,MOBS-GLEAM_FLUH
2023-02-04,wk inc flu hosp,2023-02-25,0.2,quantile,09,4.850121010625857,3,MOBS-GLEAM_FLUH
2023-02-04,wk inc flu hosp,2023-02-04,0.25,quantile,09,16.761230156739728,0,MOBS-GLEAM_FLUH
2023-02-04,wk inc flu hosp,2023-02-11,0.25,quantile,09,10.948449081018762,1,MOBS-GLEAM_FLUH
2023-02-04,wk inc flu hosp,2023-02-18,0.25,quantile,09,7.300925784754577,2,MOBS-GLEAM_FLUH
2023-02-04,wk inc flu hosp,2023-02-25,0.25,quantile,09,5.21000634257098,3,MOBS-GLEAM_FLUH
2023-02-04,wk inc flu hosp,2023-02-04,0.3,quantile,09,18.39762154869785,0,MOBS-GLEAM_FLUH
2023-02-04,wk inc flu hosp,2023-02-11,0.3,quantile,09,12.025329376971255,1,MOBS-GLEAM_FLUH
2023-02-04,wk inc flu hosp,2023-02-18,0.3,quantile,09,7.924924774614883,2,MOBS-GLEAM_FLUH
2023-02-04,wk inc flu hosp,2023-02-25,0.3,quantile,09,5.58366955300636,3,MOBS-GLEAM_FLUH
2023-02-04,wk inc flu hosp,2023-02-04,0.35,quantile,09,20.07191692775085,0,MOBS-GLEAM_FLUH
2023-02-04,wk inc flu hosp,2023-02-11,0.35,quantile,09,13.151221110293305,1,MOBS-GLEAM_FLUH
2023-02-04,wk inc flu hosp,2023-02-18,0.35,quantile,09,8.604367526100722,2,MOBS-GLEAM_FLUH
2023-02-04,wk inc flu hosp,2023-02-25,0.35,quantile,09,5.979933828000983,3,MOBS-GLEAM_FLUH
2023-02-04,wk inc flu hosp,2023-02-04,0.4,quantile,09,21.810592957062525,0,MOBS-GLEAM_FLUH
2023-02-04,wk inc flu hosp,2023-02-11,0.4,quantile,09,14.32649159709402,1,MOBS-GLEAM_FLUH
2023-02-04,wk inc flu hosp,2023-02-18,0.4,quantile,09,9.330910855484342,2,MOBS-GLEAM_FLUH
2023-02-04,wk inc flu hosp,2023-02-25,0.4,quantile,09,6.410338803242665,3,MOBS-GLEAM_FLUH
2023-02-04,wk inc flu hosp,2023-02-04,0.45,quantile,09,23.649820457688456,0,MOBS-GLEAM_FLUH
2023-02-04,wk inc flu hosp,2023-02-11,0.45,quantile,09,15.551720994975105,1,MOBS-GLEAM_FLUH
2023-02-04,wk inc flu hosp,2023-02-18,0.45,quantile,09,10.115855389828214,2,MOBS-GLEAM_FLUH
2023-02-04,wk inc flu hosp,2023-02-25,0.45,quantile,09,6.902132549121073,3,MOBS-GLEAM_FLUH
2023-02-04,wk inc flu hosp,2023-02-04,0.5,quantile,09,25.64816155967474,0,MOBS-GLEAM_FLUH
2023-02-04,wk inc flu hosp,2023-02-11,0.5,quantile,09,16.898222751877476,1,MOBS-GLEAM_FLUH
2023-02-04,wk inc flu hosp,2023-02-18,0.5,quantile,09,11.000328288731572,2,MOBS-GLEAM_FLUH
2023-02-04,wk inc flu hosp,2023-02-25,0.5,quantile,09,7.438101499771691,3,MOBS-GLEAM_FLUH
2023-02-04,wk inc flu hosp,2023-02-04,0.55,quantile,09,27.76283952364855,0,MOBS-GLEAM_FLUH
2023-02-04,wk inc flu hosp,2023-02-11,0.55,quantile,09,18.394976259466336,1,MOBS-GLEAM_FLUH
2023-02-04,wk inc flu hosp,2023-02-18,0.55,quantile,09,11.986895125630676,2,MOBS-GLEAM_FLUH
2023-02-04,wk inc flu hosp,2023-02-25,0.55,quantile,09,8.020948944550607,3,MOBS-GLEAM_FLUH
2023-02-04,wk inc flu hosp,2023-02-04,0.6,quantile,09,30.06710840317534,0,MOBS-GLEAM_FLUH
2023-02-04,wk inc flu hosp,2023-02-11,0.6,quantile,09,20.08282445474158,1,MOBS-GLEAM_FLUH
2023-02-04,wk inc flu hosp,2023-02-18,0.6,quantile,09,13.06160658306084,2,MOBS-GLEAM_FLUH
2023-02-04,wk inc flu hosp,2023-02-25,0.6,quantile,09,8.700322180798741,3,MOBS-GLEAM_FLUH
2023-02-04,wk inc flu hosp,2023-02-04,0.65,quantile,09,32.67415533080949,0,MOBS-GLEAM_FLUH
2023-02-04,wk inc flu hosp,2023-02-11,0.65,quantile,09,22.028357431428084,1,MOBS-GLEAM_FLUH
2023-02-04,wk inc flu hosp,2023-02-18,0.65,quantile,09,14.331429409864883,2,MOBS-GLEAM_FLUH
2023-02-04,wk inc flu hosp,2023-02-25,0.65,quantile,09,9.46632277056532,3,MOBS-GLEAM_FLUH
2023-02-04,wk inc flu hosp,2023-02-04,0.7,quantile,09,35.68714869640336,0,MOBS-GLEAM_FLUH
2023-02-04,wk inc flu hosp,2023-02-11,0.7,quantile,09,24.19193263045007,1,MOBS-GLEAM_FLUH
2023-02-04,wk inc flu hosp,2023-02-18,0.7,quantile,09,15.853312398136849,2,MOBS-GLEAM_FLUH
2023-02-04,wk inc flu hosp,2023-02-25,0.7,quantile,09,10.38481281783047,3,MOBS-GLEAM_FLUH
2023-02-04,wk inc flu hosp,2023-02-04,0.75,quantile,09,39.11405417764948,0,MOBS-GLEAM_FLUH
2023-02-04,wk inc flu hosp,2023-02-11,0.75,quantile,09,26.74438788816529,1,MOBS-GLEAM_FLUH
2023-02-04,wk inc flu hosp,2023-02-18,0.75,quantile,09,17.61690276275258,2,MOBS-GLEAM_FLUH
2023-02-04,wk inc flu hosp,2023-02-25,0.75,quantile,09,11.500521940390357,3,MOBS-GLEAM_FLUH
2023-02-04,wk inc flu hosp,2023-02-04,0.8,quantile,09,43.05652289839964,0,MOBS-GLEAM_FLUH
2023-02-04,wk inc flu hosp,2023-02-11,0.8,quantile,09,29.838204177197863,1,MOBS-GLEAM_FLUH
2023-02-04,wk inc flu hosp,2023-02-18,0.8,quantile,09,19.622901135349696,2,MOBS-GLEAM_FLUH
2023-02-04,wk inc flu hosp,2023-02-25,0.8,quantile,09,12.853346147509606,3,MOBS-GLEAM_FLUH
2023-02-04,wk inc flu hosp,2023-02-04,0.85,quantile,09,47.82721532890864,0,MOBS-GLEAM_FLUH
2023-02-04,wk inc flu hosp,2023-02-11,0.85,quantile,09,33.514395002421935,1,MOBS-GLEAM_FLUH
2023-02-04,wk inc flu hosp,2023-02-18,0.85,quantile,09,22.08857316814834,2,MOBS-GLEAM_FLUH
2023-02-04,wk inc flu hosp,2023-02-25,0.85,quantile,09,14.432102187070212,3,MOBS-GLEAM_FLUH
2023-02-04,wk inc flu hosp,2023-02-04,0.9,quantile,09,54.07094760924898,0,MOBS-GLEAM_FLUH
2023-02-04,wk inc flu hosp,2023-02-11,0.9,quantile,09,38.44250064401786,1,MOBS-GLEAM_FLUH
2023-02-04,wk inc flu hosp,2023-02-18,0.9,quantile,09,25.642866875772807,2,MOBS-GLEAM_FLUH
2023-02-04,wk inc flu hosp,2023-02-25,0.9,quantile,09,16.655909137368415,3,MOBS-GLEAM_FLUH
2023-02-04,wk inc flu hosp,2023-02-04,0.95,quantile,09,63.9324636055962,0,MOBS-GLEAM_FLUH
2023-02-04,wk inc flu hosp,2023-02-11,0.95,quantile,09,46.14080593106573,1,MOBS-GLEAM_FLUH
2023-02-04,wk inc flu hosp,2023-02-18,0.95,quantile,09,31.395997795022232,2,MOBS-GLEAM_FLUH
2023-02-04,wk inc flu hosp,2023-02-25,0.95,quantile,09,20.498995633963307,3,MOBS-GLEAM_FLUH
2023-02-04,wk inc flu hosp,2023-02-04,0.975,quantile,09,72.71814914206088,0,MOBS-GLEAM_FLUH
2023-02-04,wk inc flu hosp,2023-02-11,0.975,quantile,09,53.57429945615058,1,MOBS-GLEAM_FLUH
2023-02-04,wk inc flu hosp,2023-02-18,0.975,quantile,09,36.556297859705154,2,MOBS-GLEAM_FLUH
2023-02-04,wk inc flu hosp,2023-02-25,0.975,quantile,09,24.1000767036406,3,MOBS-GLEAM_FLUH
2023-02-04,wk inc flu hosp,2023-02-04,0.99,quantile,09,82.63923138380896,0,MOBS-GLEAM_FLUH
2023-02-04,wk inc flu hosp,2023-02-11,0.99,quantile,09,61.12997179305794,1,MOBS-GLEAM_FLUH
2023-02-04,wk inc flu hosp,2023-02-18,0.99,quantile,09,42.338442068789625,2,MOBS-GLEAM_FLUH
2023-02-04,wk inc flu hosp,2023-02-25,0.99,quantile,09,27.88831729900098,3,MOBS-GLEAM_FLUH
2023-02-04,wk inc flu hosp,2023-02-04,nan,point,10,4.0,0,MOBS-GLEAM_FLUH
2023-02-04,wk inc flu hosp,2023-02-11,nan,point,10,3.0,1,MOBS-GLEAM_FLUH
2023-02-04,wk inc flu hosp,2023-02-18,nan,point,10,2.0,2,MOBS-GLEAM_FLUH
2023-02-04,wk inc flu hosp,2023-02-25,nan,point,10,1.0,3,MOBS-GLEAM_FLUH
2023-02-04,wk inc flu hosp,2023-02-04,0.01,quantile,10,0.0,0,MOBS-GLEAM_FLUH
2023-02-04,wk inc flu hosp,2023-02-11,0.01,quantile,10,0.0,1,MOBS-GLEAM_FLUH
2023-02-04,wk inc flu hosp,2023-02-18,0.01,quantile,10,0.0,2,MOBS-GLEAM_FLUH
2023-02-04,wk inc flu hosp,2023-02-25,0.01,quantile,10,0.0,3,MOBS-GLEAM_FLUH
2023-02-04,wk inc flu hosp,2023-02-04,0.025,quantile,10,0.0,0,MOBS-GLEAM_FLUH
2023-02-04,wk inc flu hosp,2023-02-11,0.025,quantile,10,0.0,1,MOBS-GLEAM_FLUH
2023-02-04,wk inc flu hosp,2023-02-18,0.025,quantile,10,0.0,2,MOBS-GLEAM_FLUH
2023-02-04,wk inc flu hosp,2023-02-25,0.025,quantile,10,0.0,3,MOBS-GLEAM_FLUH
2023-02-04,wk inc flu hosp,2023-02-04,0.05,quantile,10,0.0,0,MOBS-GLEAM_FLUH
2023-02-04,wk inc flu hosp,2023-02-11,0.05,quantile,10,0.0,1,MOBS-GLEAM_FLUH
2023-02-04,wk inc flu hosp,2023-02-18,0.05,quantile,10,0.0,2,MOBS-GLEAM_FLUH
2023-02-04,wk inc flu hosp,2023-02-25,0.05,quantile,10,0.0,3,MOBS-GLEAM_FLUH
2023-02-04,wk inc flu hosp,2023-02-04,0.1,quantile,10,1.0,0,MOBS-GLEAM_FLUH
2023-02-04,wk inc flu hosp,2023-02-11,0.1,quantile,10,1.0,1,MOBS-GLEAM_FLUH
2023-02-04,wk inc flu hosp,2023-02-18,0.1,quantile,10,0.0,2,MOBS-GLEAM_FLUH
2023-02-04,wk inc flu hosp,2023-02-25,0.1,quantile,10,0.0,3,MOBS-GLEAM_FLUH
2023-02-04,wk inc flu hosp,2023-02-04,0.15,quantile,10,1.0,0,MOBS-GLEAM_FLUH
2023-02-04,wk inc flu hosp,2023-02-11,0.15,quantile,10,1.0,1,MOBS-GLEAM_FLUH
2023-02-04,wk inc flu hosp,2023-02-18,0.15,quantile,10,0.0,2,MOBS-GLEAM_FLUH
2023-02-04,wk inc flu hosp,2023-02-25,0.15,quantile,10,0.0,3,MOBS-GLEAM_FLUH
2023-02-04,wk inc flu hosp,2023-02-04,0.2,quantile,10,2.0,0,MOBS-GLEAM_FLUH
2023-02-04,wk inc flu hosp,2023-02-11,0.2,quantile,10,1.0,1,MOBS-GLEAM_FLUH
2023-02-04,wk inc flu hosp,2023-02-18,0.2,quantile,10,1.0,2,MOBS-GLEAM_FLUH
2023-02-04,wk inc flu hosp,2023-02-25,0.2,quantile,10,0.0,3,MOBS-GLEAM_FLUH
2023-02-04,wk inc flu hosp,2023-02-04,0.25,quantile,10,2.0,0,MOBS-GLEAM_FLUH
2023-02-04,wk inc flu hosp,2023-02-11,0.25,quantile,10,1.0,1,MOBS-GLEAM_FLUH
2023-02-04,wk inc flu hosp,2023-02-18,0.25,quantile,10,1.0,2,MOBS-GLEAM_FLUH
2023-02-04,wk inc flu hosp,2023-02-25,0.25,quantile,10,0.0,3,MOBS-GLEAM_FLUH
2023-02-04,wk inc flu hosp,2023-02-04,0.3,quantile,10,2.0,0,MOBS-GLEAM_FLUH
2023-02-04,wk inc flu hosp,2023-02-11,0.3,quantile,10,2.0,1,MOBS-GLEAM_FLUH
2023-02-04,wk inc flu hosp,2023-02-18,0.3,quantile,10,1.0,2,MOBS-GLEAM_FLUH
2023-02-04,wk inc flu hosp,2023-02-25,0.3,quantile,10,1.0,3,MOBS-GLEAM_FLUH
2023-02-04,wk inc flu hosp,2023-02-04,0.35,quantile,10,3.0,0,MOBS-GLEAM_FLUH
2023-02-04,wk inc flu hosp,2023-02-11,0.35,quantile,10,2.0,1,MOBS-GLEAM_FLUH
2023-02-04,wk inc flu hosp,2023-02-18,0.35,quantile,10,1.0,2,MOBS-GLEAM_FLUH
2023-02-04,wk inc flu hosp,2023-02-25,0.35,quantile,10,1.0,3,MOBS-GLEAM_FLUH
2023-02-04,wk inc flu hosp,2023-02-04,0.4,quantile,10,3.0,0,MOBS-GLEAM_FLUH
2023-02-04,wk inc flu hosp,2023-02-11,0.4,quantile,10,2.0,1,MOBS-GLEAM_FLUH
2023-02-04,wk inc flu hosp,2023-02-18,0.4,quantile,10,1.0,2,MOBS-GLEAM_FLUH
2023-02-04,wk inc flu hosp,2023-02-25,0.4,quantile,10,1.0,3,MOBS-GLEAM_FLUH
2023-02-04,wk inc flu hosp,2023-02-04,0.45,quantile,10,3.0,0,MOBS-GLEAM_FLUH
2023-02-04,wk inc flu hosp,2023-02-11,0.45,quantile,10,2.0,1,MOBS-GLEAM_FLUH
2023-02-04,wk inc flu hosp,2023-02-18,0.45,quantile,10,2.0,2,MOBS-GLEAM_FLUH
2023-02-04,wk inc flu hosp,2023-02-25,0.45,quantile,10,1.0,3,MOBS-GLEAM_FLUH
2023-02-04,wk inc flu hosp,2023-02-04,0.5,quantile,10,4.0,0,MOBS-GLEAM_FLUH
2023-02-04,wk inc flu hosp,2023-02-11,0.5,quantile,10,3.0,1,MOBS-GLEAM_FLUH
2023-02-04,wk inc flu hosp,2023-02-18,0.5,quantile,10,2.0,2,MOBS-GLEAM_FLUH
2023-02-04,wk inc flu hosp,2023-02-25,0.5,quantile,10,1.0,3,MOBS-GLEAM_FLUH
2023-02-04,wk inc flu hosp,2023-02-04,0.55,quantile,10,4.0,0,MOBS-GLEAM_FLUH
2023-02-04,wk inc flu hosp,2023-02-11,0.55,quantile,10,3.0,1,MOBS-GLEAM_FLUH
2023-02-04,wk inc flu hosp,2023-02-18,0.55,quantile,10,2.0,2,MOBS-GLEAM_FLUH
2023-02-04,wk inc flu hosp,2023-02-25,0.55,quantile,10,1.0,3,MOBS-GLEAM_FLUH
2023-02-04,wk inc flu hosp,2023-02-04,0.6,quantile,10,4.0,0,MOBS-GLEAM_FLUH
2023-02-04,wk inc flu hosp,2023-02-11,0.6,quantile,10,3.0,1,MOBS-GLEAM_FLUH
2023-02-04,wk inc flu hosp,2023-02-18,0.6,quantile,10,2.0,2,MOBS-GLEAM_FLUH
2023-02-04,wk inc flu hosp,2023-02-25,0.6,quantile,10,2.0,3,MOBS-GLEAM_FLUH
2023-02-04,wk inc flu hosp,2023-02-04,0.65,quantile,10,5.0,0,MOBS-GLEAM_FLUH
2023-02-04,wk inc flu hosp,2023-02-11,0.65,quantile,10,3.0,1,MOBS-GLEAM_FLUH
2023-02-04,wk inc flu hosp,2023-02-18,0.65,quantile,10,3.0,2,MOBS-GLEAM_FLUH
2023-02-04,wk inc flu hosp,2023-02-25,0.65,quantile,10,2.0,3,MOBS-GLEAM_FLUH
2023-02-04,wk inc flu hosp,2023-02-04,0.7,quantile,10,5.0,0,MOBS-GLEAM_FLUH
2023-02-04,wk inc flu hosp,2023-02-11,0.7,quantile,10,4.0,1,MOBS-GLEAM_FLUH
2023-02-04,wk inc flu hosp,2023-02-18,0.7,quantile,10,3.0,2,MOBS-GLEAM_FLUH
2023-02-04,wk inc flu hosp,2023-02-25,0.7,quantile,10,2.0,3,MOBS-GLEAM_FLUH
2023-02-04,wk inc flu hosp,2023-02-04,0.75,quantile,10,6.0,0,MOBS-GLEAM_FLUH
2023-02-04,wk inc flu hosp,2023-02-11,0.75,quantile,10,4.0,1,MOBS-GLEAM_FLUH
2023-02-04,wk inc flu hosp,2023-02-18,0.75,quantile,10,3.0,2,MOBS-GLEAM_FLUH
2023-02-04,wk inc flu hosp,2023-02-25,0.75,quantile,10,2.0,3,MOBS-GLEAM_FLUH
2023-02-04,wk inc flu hosp,2023-02-04,0.8,quantile,10,6.0,0,MOBS-GLEAM_FLUH
2023-02-04,wk inc flu hosp,2023-02-11,0.8,quantile,10,5.0,1,MOBS-GLEAM_FLUH
2023-02-04,wk inc flu hosp,2023-02-18,0.8,quantile,10,3.0,2,MOBS-GLEAM_FLUH
2023-02-04,wk inc flu hosp,2023-02-25,0.8,quantile,10,3.0,3,MOBS-GLEAM_FLUH
2023-02-04,wk inc flu hosp,2023-02-04,0.85,quantile,10,7.0,0,MOBS-GLEAM_FLUH
2023-02-04,wk inc flu hosp,2023-02-11,0.85,quantile,10,5.0,1,MOBS-GLEAM_FLUH
2023-02-04,wk inc flu hosp,2023-02-18,0.85,quantile,10,4.0,2,MOBS-GLEAM_FLUH
2023-02-04,wk inc flu hosp,2023-02-25,0.85,quantile,10,3.0,3,MOBS-GLEAM_FLUH
2023-02-04,wk inc flu hosp,2023-02-04,0.9,quantile,10,8.0,0,MOBS-GLEAM_FLUH
2023-02-04,wk inc flu hosp,2023-02-11,0.9,quantile,10,6.0,1,MOBS-GLEAM_FLUH
2023-02-04,wk inc flu hosp,2023-02-18,0.9,quantile,10,4.0,2,MOBS-GLEAM_FLUH
2023-02-04,wk inc flu hosp,2023-02-25,0.9,quantile,10,4.0,3,MOBS-GLEAM_FLUH
2023-02-04,wk inc flu hosp,2023-02-04,0.95,quantile,10,9.0,0,MOBS-GLEAM_FLUH
2023-02-04,wk inc flu hosp,2023-02-11,0.95,quantile,10,7.0,1,MOBS-GLEAM_FLUH
2023-02-04,wk inc flu hosp,2023-02-18,0.95,quantile,10,5.0,2,MOBS-GLEAM_FLUH
2023-02-04,wk inc flu hosp,2023-02-25,0.95,quantile,10,4.0,3,MOBS-GLEAM_FLUH
2023-02-04,wk inc flu hosp,2023-02-04,0.975,quantile,10,10.0,0,MOBS-GLEAM_FLUH
2023-02-04,wk inc flu hosp,2023-02-11,0.975,quantile,10,8.0,1,MOBS-GLEAM_FLUH
2023-02-04,wk inc flu hosp,2023-02-18,0.975,quantile,10,6.0,2,MOBS-GLEAM_FLUH
2023-02-04,wk inc flu hosp,2023-02-25,0.975,quantile,10,5.0,3,MOBS-GLEAM_FLUH
2023-02-04,wk inc flu hosp,2023-02-04,0.99,quantile,10,12.0,0,MOBS-GLEAM_FLUH
2023-02-04,wk inc flu hosp,2023-02-11,0.99,quantile,10,9.0,1,MOBS-GLEAM_FLUH
2023-02-04,wk inc flu hosp,2023-02-18,0.99,quantile,10,7.0,2,MOBS-GLEAM_FLUH
2023-02-04,wk inc flu hosp,2023-02-25,0.99,quantile,10,6.0,3,MOBS-GLEAM_FLUH
2023-02-04,wk inc flu hosp,2023-02-04,nan,point,11,2.0,0,MOBS-GLEAM_FLUH
2023-02-04,wk inc flu hosp,2023-02-11,nan,point,11,1.0,1,MOBS-GLEAM_FLUH
2023-02-04,wk inc flu hosp,2023-02-18,nan,point,11,1.0,2,MOBS-GLEAM_FLUH
2023-02-04,wk inc flu hosp,2023-02-25,nan,point,11,1.0,3,MOBS-GLEAM_FLUH
2023-02-04,wk inc flu hosp,2023-02-04,0.01,quantile,11,0.0,0,MOBS-GLEAM_FLUH
2023-02-04,wk inc flu hosp,2023-02-11,0.01,quantile,11,0.0,1,MOBS-GLEAM_FLUH
2023-02-04,wk inc flu hosp,2023-02-18,0.01,quantile,11,0.0,2,MOBS-GLEAM_FLUH
2023-02-04,wk inc flu hosp,2023-02-25,0.01,quantile,11,0.0,3,MOBS-GLEAM_FLUH
2023-02-04,wk inc flu hosp,2023-02-04,0.025,quantile,11,0.0,0,MOBS-GLEAM_FLUH
2023-02-04,wk inc flu hosp,2023-02-11,0.025,quantile,11,0.0,1,MOBS-GLEAM_FLUH
2023-02-04,wk inc flu hosp,2023-02-18,0.025,quantile,11,0.0,2,MOBS-GLEAM_FLUH
2023-02-04,wk inc flu hosp,2023-02-25,0.025,quantile,11,0.0,3,MOBS-GLEAM_FLUH
2023-02-04,wk inc flu hosp,2023-02-04,0.05,quantile,11,0.0,0,MOBS-GLEAM_FLUH
2023-02-04,wk inc flu hosp,2023-02-11,0.05,quantile,11,0.0,1,MOBS-GLEAM_FLUH
2023-02-04,wk inc flu hosp,2023-02-18,0.05,quantile,11,0.0,2,MOBS-GLEAM_FLUH
2023-02-04,wk inc flu hosp,2023-02-25,0.05,quantile,11,0.0,3,MOBS-GLEAM_FLUH
2023-02-04,wk inc flu hosp,2023-02-04,0.1,quantile,11,0.0,0,MOBS-GLEAM_FLUH
2023-02-04,wk inc flu hosp,2023-02-11,0.1,quantile,11,0.0,1,MOBS-GLEAM_FLUH
2023-02-04,wk inc flu hosp,2023-02-18,0.1,quantile,11,0.0,2,MOBS-GLEAM_FLUH
2023-02-04,wk inc flu hosp,2023-02-25,0.1,quantile,11,0.0,3,MOBS-GLEAM_FLUH
2023-02-04,wk inc flu hosp,2023-02-04,0.15,quantile,11,1.0,0,MOBS-GLEAM_FLUH
2023-02-04,wk inc flu hosp,2023-02-11,0.15,quantile,11,0.0,1,MOBS-GLEAM_FLUH
2023-02-04,wk inc flu hosp,2023-02-18,0.15,quantile,11,0.0,2,MOBS-GLEAM_FLUH
2023-02-04,wk inc flu hosp,2023-02-25,0.15,quantile,11,0.0,3,MOBS-GLEAM_FLUH
2023-02-04,wk inc flu hosp,2023-02-04,0.2,quantile,11,1.0,0,MOBS-GLEAM_FLUH
2023-02-04,wk inc flu hosp,2023-02-11,0.2,quantile,11,0.0,1,MOBS-GLEAM_FLUH
2023-02-04,wk inc flu hosp,2023-02-18,0.2,quantile,11,0.0,2,MOBS-GLEAM_FLUH
2023-02-04,wk inc flu hosp,2023-02-25,0.2,quantile,11,0.0,3,MOBS-GLEAM_FLUH
2023-02-04,wk inc flu hosp,2023-02-04,0.25,quantile,11,1.0,0,MOBS-GLEAM_FLUH
2023-02-04,wk inc flu hosp,2023-02-11,0.25,quantile,11,0.0,1,MOBS-GLEAM_FLUH
2023-02-04,wk inc flu hosp,2023-02-18,0.25,quantile,11,0.0,2,MOBS-GLEAM_FLUH
2023-02-04,wk inc flu hosp,2023-02-25,0.25,quantile,11,0.0,3,MOBS-GLEAM_FLUH
2023-02-04,wk inc flu hosp,2023-02-04,0.3,quantile,11,1.0,0,MOBS-GLEAM_FLUH
2023-02-04,wk inc flu hosp,2023-02-11,0.3,quantile,11,1.0,1,MOBS-GLEAM_FLUH
2023-02-04,wk inc flu hosp,2023-02-18,0.3,quantile,11,0.0,2,MOBS-GLEAM_FLUH
2023-02-04,wk inc flu hosp,2023-02-25,0.3,quantile,11,0.0,3,MOBS-GLEAM_FLUH
2023-02-04,wk inc flu hosp,2023-02-04,0.35,quantile,11,1.0,0,MOBS-GLEAM_FLUH
2023-02-04,wk inc flu hosp,2023-02-11,0.35,quantile,11,1.0,1,MOBS-GLEAM_FLUH
2023-02-04,wk inc flu hosp,2023-02-18,0.35,quantile,11,0.0,2,MOBS-GLEAM_FLUH
2023-02-04,wk inc flu hosp,2023-02-25,0.35,quantile,11,0.0,3,MOBS-GLEAM_FLUH
2023-02-04,wk inc flu hosp,2023-02-04,0.4,quantile,11,2.0,0,MOBS-GLEAM_FLUH
2023-02-04,wk inc flu hosp,2023-02-11,0.4,quantile,11,1.0,1,MOBS-GLEAM_FLUH
2023-02-04,wk inc flu hosp,2023-02-18,0.4,quantile,11,1.0,2,MOBS-GLEAM_FLUH
2023-02-04,wk inc flu hosp,2023-02-25,0.4,quantile,11,0.0,3,MOBS-GLEAM_FLUH
2023-02-04,wk inc flu hosp,2023-02-04,0.45,quantile,11,2.0,0,MOBS-GLEAM_FLUH
2023-02-04,wk inc flu hosp,2023-02-11,0.45,quantile,11,1.0,1,MOBS-GLEAM_FLUH
2023-02-04,wk inc flu hosp,2023-02-18,0.45,quantile,11,1.0,2,MOBS-GLEAM_FLUH
2023-02-04,wk inc flu hosp,2023-02-25,0.45,quantile,11,0.0,3,MOBS-GLEAM_FLUH
2023-02-04,wk inc flu hosp,2023-02-04,0.5,quantile,11,2.0,0,MOBS-GLEAM_FLUH
2023-02-04,wk inc flu hosp,2023-02-11,0.5,quantile,11,1.0,1,MOBS-GLEAM_FLUH
2023-02-04,wk inc flu hosp,2023-02-18,0.5,quantile,11,1.0,2,MOBS-GLEAM_FLUH
2023-02-04,wk inc flu hosp,2023-02-25,0.5,quantile,11,1.0,3,MOBS-GLEAM_FLUH
2023-02-04,wk inc flu hosp,2023-02-04,0.55,quantile,11,2.0,0,MOBS-GLEAM_FLUH
2023-02-04,wk inc flu hosp,2023-02-11,0.55,quantile,11,1.0,1,MOBS-GLEAM_FLUH
2023-02-04,wk inc flu hosp,2023-02-18,0.55,quantile,11,1.0,2,MOBS-GLEAM_FLUH
2023-02-04,wk inc flu hosp,2023-02-25,0.55,quantile,11,1.0,3,MOBS-GLEAM_FLUH
2023-02-04,wk inc flu hosp,2023-02-04,0.6,quantile,11,2.0,0,MOBS-GLEAM_FLUH
2023-02-04,wk inc flu hosp,2023-02-11,0.6,quantile,11,2.0,1,MOBS-GLEAM_FLUH
2023-02-04,wk inc flu hosp,2023-02-18,0.6,quantile,11,1.0,2,MOBS-GLEAM_FLUH
2023-02-04,wk inc flu hosp,2023-02-25,0.6,quantile,11,1.0,3,MOBS-GLEAM_FLUH
2023-02-04,wk inc flu hosp,2023-02-04,0.65,quantile,11,3.0,0,MOBS-GLEAM_FLUH
2023-02-04,wk inc flu hosp,2023-02-11,0.65,quantile,11,2.0,1,MOBS-GLEAM_FLUH
2023-02-04,wk inc flu hosp,2023-02-18,0.65,quantile,11,1.0,2,MOBS-GLEAM_FLUH
2023-02-04,wk inc flu hosp,2023-02-25,0.65,quantile,11,1.0,3,MOBS-GLEAM_FLUH
2023-02-04,wk inc flu hosp,2023-02-04,0.7,quantile,11,3.0,0,MOBS-GLEAM_FLUH
2023-02-04,wk inc flu hosp,2023-02-11,0.7,quantile,11,2.0,1,MOBS-GLEAM_FLUH
2023-02-04,wk inc flu hosp,2023-02-18,0.7,quantile,11,1.0,2,MOBS-GLEAM_FLUH
2023-02-04,wk inc flu hosp,2023-02-25,0.7,quantile,11,1.0,3,MOBS-GLEAM_FLUH
2023-02-04,wk inc flu hosp,2023-02-04,0.75,quantile,11,3.0,0,MOBS-GLEAM_FLUH
2023-02-04,wk inc flu hosp,2023-02-11,0.75,quantile,11,2.0,1,MOBS-GLEAM_FLUH
2023-02-04,wk inc flu hosp,2023-02-18,0.75,quantile,11,2.0,2,MOBS-GLEAM_FLUH
2023-02-04,wk inc flu hosp,2023-02-25,0.75,quantile,11,1.0,3,MOBS-GLEAM_FLUH
2023-02-04,wk inc flu hosp,2023-02-04,0.8,quantile,11,4.0,0,MOBS-GLEAM_FLUH
2023-02-04,wk inc flu hosp,2023-02-11,0.8,quantile,11,3.0,1,MOBS-GLEAM_FLUH
2023-02-04,wk inc flu hosp,2023-02-18,0.8,quantile,11,2.0,2,MOBS-GLEAM_FLUH
2023-02-04,wk inc flu hosp,2023-02-25,0.8,quantile,11,1.0,3,MOBS-GLEAM_FLUH
2023-02-04,wk inc flu hosp,2023-02-04,0.85,quantile,11,4.0,0,MOBS-GLEAM_FLUH
2023-02-04,wk inc flu hosp,2023-02-11,0.85,quantile,11,3.0,1,MOBS-GLEAM_FLUH
2023-02-04,wk inc flu hosp,2023-02-18,0.85,quantile,11,2.0,2,MOBS-GLEAM_FLUH
2023-02-04,wk inc flu hosp,2023-02-25,0.85,quantile,11,2.0,3,MOBS-GLEAM_FLUH
2023-02-04,wk inc flu hosp,2023-02-04,0.9,quantile,11,5.0,0,MOBS-GLEAM_FLUH
2023-02-04,wk inc flu hosp,2023-02-11,0.9,quantile,11,3.0,1,MOBS-GLEAM_FLUH
2023-02-04,wk inc flu hosp,2023-02-18,0.9,quantile,11,3.0,2,MOBS-GLEAM_FLUH
2023-02-04,wk inc flu hosp,2023-02-25,0.9,quantile,11,2.0,3,MOBS-GLEAM_FLUH
2023-02-04,wk inc flu hosp,2023-02-04,0.95,quantile,11,6.0,0,MOBS-GLEAM_FLUH
2023-02-04,wk inc flu hosp,2023-02-11,0.95,quantile,11,4.0,1,MOBS-GLEAM_FLUH
2023-02-04,wk inc flu hosp,2023-02-18,0.95,quantile,11,3.0,2,MOBS-GLEAM_FLUH
2023-02-04,wk inc flu hosp,2023-02-25,0.95,quantile,11,3.0,3,MOBS-GLEAM_FLUH
2023-02-04,wk inc flu hosp,2023-02-04,0.975,quantile,11,7.0,0,MOBS-GLEAM_FLUH
2023-02-04,wk inc flu hosp,2023-02-11,0.975,quantile,11,5.0,1,MOBS-GLEAM_FLUH
2023-02-04,wk inc flu hosp,2023-02-18,0.975,quantile,11,4.0,2,MOBS-GLEAM_FLUH
2023-02-04,wk inc flu hosp,2023-02-25,0.975,quantile,11,3.0,3,MOBS-GLEAM_FLUH
2023-02-04,wk inc flu hosp,2023-02-04,0.99,quantile,11,8.0,0,MOBS-GLEAM_FLUH
2023-02-04,wk inc flu hosp,2023-02-11,0.99,quantile,11,6.0,1,MOBS-GLEAM_FLUH
2023-02-04,wk inc flu hosp,2023-02-18,0.99,quantile,11,4.0,2,MOBS-GLEAM_FLUH
2023-02-04,wk inc flu hosp,2023-02-25,0.99,quantile,11,4.0,3,MOBS-GLEAM_FLUH
2023-02-04,wk inc flu hosp,2023-02-04,nan,point,12,312.0,0,MOBS-GLEAM_FLUH
2023-02-04,wk inc flu hosp,2023-02-11,nan,point,12,238.0,1,MOBS-GLEAM_FLUH
2023-02-04,wk inc flu hosp,2023-02-18,nan,point,12,184.0,2,MOBS-GLEAM_FLUH
2023-02-04,wk inc flu hosp,2023-02-25,nan,point,12,145.0,3,MOBS-GLEAM_FLUH
2023-02-04,wk inc flu hosp,2023-02-04,0.01,quantile,12,84.0,0,MOBS-GLEAM_FLUH
2023-02-04,wk inc flu hosp,2023-02-11,0.01,quantile,12,63.0,1,MOBS-GLEAM_FLUH
2023-02-04,wk inc flu hosp,2023-02-18,0.01,quantile,12,49.0,2,MOBS-GLEAM_FLUH
2023-02-04,wk inc flu hosp,2023-02-25,0.01,quantile,12,38.0,3,MOBS-GLEAM_FLUH
2023-02-04,wk inc flu hosp,2023-02-04,0.025,quantile,12,107.0,0,MOBS-GLEAM_FLUH
2023-02-04,wk inc flu hosp,2023-02-11,0.025,quantile,12,81.0,1,MOBS-GLEAM_FLUH
2023-02-04,wk inc flu hosp,2023-02-18,0.025,quantile,12,62.0,2,MOBS-GLEAM_FLUH
2023-02-04,wk inc flu hosp,2023-02-25,0.025,quantile,12,49.0,3,MOBS-GLEAM_FLUH
2023-02-04,wk inc flu hosp,2023-02-04,0.05,quantile,12,130.0,0,MOBS-GLEAM_FLUH
2023-02-04,wk inc flu hosp,2023-02-11,0.05,quantile,12,99.0,1,MOBS-GLEAM_FLUH
2023-02-04,wk inc flu hosp,2023-02-18,0.05,quantile,12,76.0,2,MOBS-GLEAM_FLUH
2023-02-04,wk inc flu hosp,2023-02-25,0.05,quantile,12,60.0,3,MOBS-GLEAM_FLUH
2023-02-04,wk inc flu hosp,2023-02-04,0.1,quantile,12,162.0,0,MOBS-GLEAM_FLUH
2023-02-04,wk inc flu hosp,2023-02-11,0.1,quantile,12,123.0,1,MOBS-GLEAM_FLUH
2023-02-04,wk inc flu hosp,2023-02-18,0.1,quantile,12,95.0,2,MOBS-GLEAM_FLUH
2023-02-04,wk inc flu hosp,2023-02-25,0.1,quantile,12,74.0,3,MOBS-GLEAM_FLUH
2023-02-04,wk inc flu hosp,2023-02-04,0.15,quantile,12,185.0,0,MOBS-GLEAM_FLUH
2023-02-04,wk inc flu hosp,2023-02-11,0.15,quantile,12,141.0,1,MOBS-GLEAM_FLUH
2023-02-04,wk inc flu hosp,2023-02-18,0.15,quantile,12,109.0,2,MOBS-GLEAM_FLUH
2023-02-04,wk inc flu hosp,2023-02-25,0.15,quantile,12,85.0,3,MOBS-GLEAM_FLUH
2023-02-04,wk inc flu hosp,2023-02-04,0.2,quantile,12,206.0,0,MOBS-GLEAM_FLUH
2023-02-04,wk inc flu hosp,2023-02-11,0.2,quantile,12,156.0,1,MOBS-GLEAM_FLUH
2023-02-04,wk inc flu hosp,2023-02-18,0.2,quantile,12,121.0,2,MOBS-GLEAM_FLUH
2023-02-04,wk inc flu hosp,2023-02-25,0.2,quantile,12,95.0,3,MOBS-GLEAM_FLUH
2023-02-04,wk inc flu hosp,2023-02-04,0.25,quantile,12,225.0,0,MOBS-GLEAM_FLUH
2023-02-04,wk inc flu hosp,2023-02-11,0.25,quantile,12,171.0,1,MOBS-GLEAM_FLUH
2023-02-04,wk inc flu hosp,2023-02-18,0.25,quantile,12,132.0,2,MOBS-GLEAM_FLUH
2023-02-04,wk inc flu hosp,2023-02-25,0.25,quantile,12,104.0,3,MOBS-GLEAM_FLUH
2023-02-04,wk inc flu hosp,2023-02-04,0.3,quantile,12,243.0,0,MOBS-GLEAM_FLUH
2023-02-04,wk inc flu hosp,2023-02-11,0.3,quantile,12,184.0,1,MOBS-GLEAM_FLUH
2023-02-04,wk inc flu hosp,2023-02-18,0.3,quantile,12,143.0,2,MOBS-GLEAM_FLUH
2023-02-04,wk inc flu hosp,2023-02-25,0.3,quantile,12,112.0,3,MOBS-GLEAM_FLUH
2023-02-04,wk inc flu hosp,2023-02-04,0.35,quantile,12,260.0,0,MOBS-GLEAM_FLUH
2023-02-04,wk inc flu hosp,2023-02-11,0.35,quantile,12,198.0,1,MOBS-GLEAM_FLUH
2023-02-04,wk inc flu hosp,2023-02-18,0.35,quantile,12,153.0,2,MOBS-GLEAM_FLUH
2023-02-04,wk inc flu hosp,2023-02-25,0.35,quantile,12,120.0,3,MOBS-GLEAM_FLUH
2023-02-04,wk inc flu hosp,2023-02-04,0.4,quantile,12,277.0,0,MOBS-GLEAM_FLUH
2023-02-04,wk inc flu hosp,2023-02-11,0.4,quantile,12,211.0,1,MOBS-GLEAM_FLUH
2023-02-04,wk inc flu hosp,2023-02-18,0.4,quantile,12,163.0,2,MOBS-GLEAM_FLUH
2023-02-04,wk inc flu hosp,2023-02-25,0.4,quantile,12,128.0,3,MOBS-GLEAM_FLUH
2023-02-04,wk inc flu hosp,2023-02-04,0.45,quantile,12,295.0,0,MOBS-GLEAM_FLUH
2023-02-04,wk inc flu hosp,2023-02-11,0.45,quantile,12,224.0,1,MOBS-GLEAM_FLUH
2023-02-04,wk inc flu hosp,2023-02-18,0.45,quantile,12,174.0,2,MOBS-GLEAM_FLUH
2023-02-04,wk inc flu hosp,2023-02-25,0.45,quantile,12,136.0,3,MOBS-GLEAM_FLUH
2023-02-04,wk inc flu hosp,2023-02-04,0.5,quantile,12,312.0,0,MOBS-GLEAM_FLUH
2023-02-04,wk inc flu hosp,2023-02-11,0.5,quantile,12,238.0,1,MOBS-GLEAM_FLUH
2023-02-04,wk inc flu hosp,2023-02-18,0.5,quantile,12,184.0,2,MOBS-GLEAM_FLUH
2023-02-04,wk inc flu hosp,2023-02-25,0.5,quantile,12,145.0,3,MOBS-GLEAM_FLUH
2023-02-04,wk inc flu hosp,2023-02-04,0.55,quantile,12,331.0,0,MOBS-GLEAM_FLUH
2023-02-04,wk inc flu hosp,2023-02-11,0.55,quantile,12,252.0,1,MOBS-GLEAM_FLUH
2023-02-04,wk inc flu hosp,2023-02-18,0.55,quantile,12,195.0,2,MOBS-GLEAM_FLUH
2023-02-04,wk inc flu hosp,2023-02-25,0.55,quantile,12,153.0,3,MOBS-GLEAM_FLUH
2023-02-04,wk inc flu hosp,2023-02-04,0.6,quantile,12,351.0,0,MOBS-GLEAM_FLUH
2023-02-04,wk inc flu hosp,2023-02-11,0.6,quantile,12,267.0,1,MOBS-GLEAM_FLUH
2023-02-04,wk inc flu hosp,2023-02-18,0.6,quantile,12,207.0,2,MOBS-GLEAM_FLUH
2023-02-04,wk inc flu hosp,2023-02-25,0.6,quantile,12,162.0,3,MOBS-GLEAM_FLUH
2023-02-04,wk inc flu hosp,2023-02-04,0.65,quantile,12,372.0,0,MOBS-GLEAM_FLUH
2023-02-04,wk inc flu hosp,2023-02-11,0.65,quantile,12,283.0,1,MOBS-GLEAM_FLUH
2023-02-04,wk inc flu hosp,2023-02-18,0.65,quantile,12,219.0,2,MOBS-GLEAM_FLUH
2023-02-04,wk inc flu hosp,2023-02-25,0.65,quantile,12,172.0,3,MOBS-GLEAM_FLUH
2023-02-04,wk inc flu hosp,2023-02-04,0.7,quantile,12,395.0,0,MOBS-GLEAM_FLUH
2023-02-04,wk inc flu hosp,2023-02-11,0.7,quantile,12,301.0,1,MOBS-GLEAM_FLUH
2023-02-04,wk inc flu hosp,2023-02-18,0.7,quantile,12,233.0,2,MOBS-GLEAM_FLUH
2023-02-04,wk inc flu hosp,2023-02-25,0.7,quantile,12,183.0,3,MOBS-GLEAM_FLUH
2023-02-04,wk inc flu hosp,2023-02-04,0.75,quantile,12,421.0,0,MOBS-GLEAM_FLUH
2023-02-04,wk inc flu hosp,2023-02-11,0.75,quantile,12,320.0,1,MOBS-GLEAM_FLUH
2023-02-04,wk inc flu hosp,2023-02-18,0.75,quantile,12,248.0,2,MOBS-GLEAM_FLUH
2023-02-04,wk inc flu hosp,2023-02-25,0.75,quantile,12,195.0,3,MOBS-GLEAM_FLUH
2023-02-04,wk inc flu hosp,2023-02-04,0.8,quantile,12,451.0,0,MOBS-GLEAM_FLUH
2023-02-04,wk inc flu hosp,2023-02-11,0.8,quantile,12,343.0,1,MOBS-GLEAM_FLUH
2023-02-04,wk inc flu hosp,2023-02-18,0.8,quantile,12,266.0,2,MOBS-GLEAM_FLUH
2023-02-04,wk inc flu hosp,2023-02-25,0.8,quantile,12,209.0,3,MOBS-GLEAM_FLUH
2023-02-04,wk inc flu hosp,2023-02-04,0.85,quantile,12,488.0,0,MOBS-GLEAM_FLUH
2023-02-04,wk inc flu hosp,2023-02-11,0.85,quantile,12,371.0,1,MOBS-GLEAM_FLUH
2023-02-04,wk inc flu hosp,2023-02-18,0.85,quantile,12,288.0,2,MOBS-GLEAM_FLUH
2023-02-04,wk inc flu hosp,2023-02-25,0.85,quantile,12,226.0,3,MOBS-GLEAM_FLUH
2023-02-04,wk inc flu hosp,2023-02-04,0.9,quantile,12,537.0,0,MOBS-GLEAM_FLUH
2023-02-04,wk inc flu hosp,2023-02-11,0.9,quantile,12,409.0,1,MOBS-GLEAM_FLUH
2023-02-04,wk inc flu hosp,2023-02-18,0.9,quantile,12,317.0,2,MOBS-GLEAM_FLUH
2023-02-04,wk inc flu hosp,2023-02-25,0.9,quantile,12,249.0,3,MOBS-GLEAM_FLUH
2023-02-04,wk inc flu hosp,2023-02-04,0.95,quantile,12,615.0,0,MOBS-GLEAM_FLUH
2023-02-04,wk inc flu hosp,2023-02-11,0.95,quantile,12,468.0,1,MOBS-GLEAM_FLUH
2023-02-04,wk inc flu hosp,2023-02-18,0.95,quantile,12,363.0,2,MOBS-GLEAM_FLUH
2023-02-04,wk inc flu hosp,2023-02-25,0.95,quantile,12,286.0,3,MOBS-GLEAM_FLUH
2023-02-04,wk inc flu hosp,2023-02-04,0.975,quantile,12,688.0,0,MOBS-GLEAM_FLUH
2023-02-04,wk inc flu hosp,2023-02-11,0.975,quantile,12,524.0,1,MOBS-GLEAM_FLUH
2023-02-04,wk inc flu hosp,2023-02-18,0.975,quantile,12,407.0,2,MOBS-GLEAM_FLUH
2023-02-04,wk inc flu hosp,2023-02-25,0.975,quantile,12,320.0,3,MOBS-GLEAM_FLUH
2023-02-04,wk inc flu hosp,2023-02-04,0.99,quantile,12,780.0,0,MOBS-GLEAM_FLUH
2023-02-04,wk inc flu hosp,2023-02-11,0.99,quantile,12,595.0,1,MOBS-GLEAM_FLUH
2023-02-04,wk inc flu hosp,2023-02-18,0.99,quantile,12,461.0,2,MOBS-GLEAM_FLUH
2023-02-04,wk inc flu hosp,2023-02-25,0.99,quantile,12,363.0,3,MOBS-GLEAM_FLUH
2023-02-04,wk inc flu hosp,2023-02-04,nan,point,13,67.0,0,MOBS-GLEAM_FLUH
2023-02-04,wk inc flu hosp,2023-02-11,nan,point,13,57.0,1,MOBS-GLEAM_FLUH
2023-02-04,wk inc flu hosp,2023-02-18,nan,point,13,47.0,2,MOBS-GLEAM_FLUH
2023-02-04,wk inc flu hosp,2023-02-25,nan,point,13,40.0,3,MOBS-GLEAM_FLUH
2023-02-04,wk inc flu hosp,2023-02-04,0.01,quantile,13,17.0,0,MOBS-GLEAM_FLUH
2023-02-04,wk inc flu hosp,2023-02-11,0.01,quantile,13,14.0,1,MOBS-GLEAM_FLUH
2023-02-04,wk inc flu hosp,2023-02-18,0.01,quantile,13,11.0,2,MOBS-GLEAM_FLUH
2023-02-04,wk inc flu hosp,2023-02-25,0.01,quantile,13,9.0,3,MOBS-GLEAM_FLUH
2023-02-04,wk inc flu hosp,2023-02-04,0.025,quantile,13,22.0,0,MOBS-GLEAM_FLUH
2023-02-04,wk inc flu hosp,2023-02-11,0.025,quantile,13,18.0,1,MOBS-GLEAM_FLUH
2023-02-04,wk inc flu hosp,2023-02-18,0.025,quantile,13,15.0,2,MOBS-GLEAM_FLUH
2023-02-04,wk inc flu hosp,2023-02-25,0.025,quantile,13,12.0,3,MOBS-GLEAM_FLUH
2023-02-04,wk inc flu hosp,2023-02-04,0.05,quantile,13,27.0,0,MOBS-GLEAM_FLUH
2023-02-04,wk inc flu hosp,2023-02-11,0.05,quantile,13,23.0,1,MOBS-GLEAM_FLUH
2023-02-04,wk inc flu hosp,2023-02-18,0.05,quantile,13,18.0,2,MOBS-GLEAM_FLUH
2023-02-04,wk inc flu hosp,2023-02-25,0.05,quantile,13,15.0,3,MOBS-GLEAM_FLUH
2023-02-04,wk inc flu hosp,2023-02-04,0.1,quantile,13,34.0,0,MOBS-GLEAM_FLUH
2023-02-04,wk inc flu hosp,2023-02-11,0.1,quantile,13,28.0,1,MOBS-GLEAM_FLUH
2023-02-04,wk inc flu hosp,2023-02-18,0.1,quantile,13,23.0,2,MOBS-GLEAM_FLUH
2023-02-04,wk inc flu hosp,2023-02-25,0.1,quantile,13,19.0,3,MOBS-GLEAM_FLUH
2023-02-04,wk inc flu hosp,2023-02-04,0.15,quantile,13,39.0,0,MOBS-GLEAM_FLUH
2023-02-04,wk inc flu hosp,2023-02-11,0.15,quantile,13,33.0,1,MOBS-GLEAM_FLUH
2023-02-04,wk inc flu hosp,2023-02-18,0.15,quantile,13,27.0,2,MOBS-GLEAM_FLUH
2023-02-04,wk inc flu hosp,2023-02-25,0.15,quantile,13,23.0,3,MOBS-GLEAM_FLUH
2023-02-04,wk inc flu hosp,2023-02-04,0.2,quantile,13,44.0,0,MOBS-GLEAM_FLUH
2023-02-04,wk inc flu hosp,2023-02-11,0.2,quantile,13,37.0,1,MOBS-GLEAM_FLUH
2023-02-04,wk inc flu hosp,2023-02-18,0.2,quantile,13,30.0,2,MOBS-GLEAM_FLUH
2023-02-04,wk inc flu hosp,2023-02-25,0.2,quantile,13,25.0,3,MOBS-GLEAM_FLUH
2023-02-04,wk inc flu hosp,2023-02-04,0.25,quantile,13,48.0,0,MOBS-GLEAM_FLUH
2023-02-04,wk inc flu hosp,2023-02-11,0.25,quantile,13,40.0,1,MOBS-GLEAM_FLUH
2023-02-04,wk inc flu hosp,2023-02-18,0.25,quantile,13,33.0,2,MOBS-GLEAM_FLUH
2023-02-04,wk inc flu hosp,2023-02-25,0.25,quantile,13,28.0,3,MOBS-GLEAM_FLUH
2023-02-04,wk inc flu hosp,2023-02-04,0.3,quantile,13,52.0,0,MOBS-GLEAM_FLUH
2023-02-04,wk inc flu hosp,2023-02-11,0.3,quantile,13,44.0,1,MOBS-GLEAM_FLUH
2023-02-04,wk inc flu hosp,2023-02-18,0.3,quantile,13,36.0,2,MOBS-GLEAM_FLUH
2023-02-04,wk inc flu hosp,2023-02-25,0.3,quantile,13,30.0,3,MOBS-GLEAM_FLUH
2023-02-04,wk inc flu hosp,2023-02-04,0.35,quantile,13,55.0,0,MOBS-GLEAM_FLUH
2023-02-04,wk inc flu hosp,2023-02-11,0.35,quantile,13,47.0,1,MOBS-GLEAM_FLUH
2023-02-04,wk inc flu hosp,2023-02-18,0.35,quantile,13,39.0,2,MOBS-GLEAM_FLUH
2023-02-04,wk inc flu hosp,2023-02-25,0.35,quantile,13,33.0,3,MOBS-GLEAM_FLUH
2023-02-04,wk inc flu hosp,2023-02-04,0.4,quantile,13,59.0,0,MOBS-GLEAM_FLUH
2023-02-04,wk inc flu hosp,2023-02-11,0.4,quantile,13,50.0,1,MOBS-GLEAM_FLUH
2023-02-04,wk inc flu hosp,2023-02-18,0.4,quantile,13,41.0,2,MOBS-GLEAM_FLUH
2023-02-04,wk inc flu hosp,2023-02-25,0.4,quantile,13,35.0,3,MOBS-GLEAM_FLUH
2023-02-04,wk inc flu hosp,2023-02-04,0.45,quantile,13,63.0,0,MOBS-GLEAM_FLUH
2023-02-04,wk inc flu hosp,2023-02-11,0.45,quantile,13,53.0,1,MOBS-GLEAM_FLUH
2023-02-04,wk inc flu hosp,2023-02-18,0.45,quantile,13,44.0,2,MOBS-GLEAM_FLUH
2023-02-04,wk inc flu hosp,2023-02-25,0.45,quantile,13,37.0,3,MOBS-GLEAM_FLUH
2023-02-04,wk inc flu hosp,2023-02-04,0.5,quantile,13,67.0,0,MOBS-GLEAM_FLUH
2023-02-04,wk inc flu hosp,2023-02-11,0.5,quantile,13,57.0,1,MOBS-GLEAM_FLUH
2023-02-04,wk inc flu hosp,2023-02-18,0.5,quantile,13,47.0,2,MOBS-GLEAM_FLUH
2023-02-04,wk inc flu hosp,2023-02-25,0.5,quantile,13,40.0,3,MOBS-GLEAM_FLUH
2023-02-04,wk inc flu hosp,2023-02-04,0.55,quantile,13,71.0,0,MOBS-GLEAM_FLUH
2023-02-04,wk inc flu hosp,2023-02-11,0.55,quantile,13,60.0,1,MOBS-GLEAM_FLUH
2023-02-04,wk inc flu hosp,2023-02-18,0.55,quantile,13,50.0,2,MOBS-GLEAM_FLUH
2023-02-04,wk inc flu hosp,2023-02-25,0.55,quantile,13,42.0,3,MOBS-GLEAM_FLUH
2023-02-04,wk inc flu hosp,2023-02-04,0.6,quantile,13,75.0,0,MOBS-GLEAM_FLUH
2023-02-04,wk inc flu hosp,2023-02-11,0.6,quantile,13,64.0,1,MOBS-GLEAM_FLUH
2023-02-04,wk inc flu hosp,2023-02-18,0.6,quantile,13,53.0,2,MOBS-GLEAM_FLUH
2023-02-04,wk inc flu hosp,2023-02-25,0.6,quantile,13,45.0,3,MOBS-GLEAM_FLUH
2023-02-04,wk inc flu hosp,2023-02-04,0.65,quantile,13,80.0,0,MOBS-GLEAM_FLUH
2023-02-04,wk inc flu hosp,2023-02-11,0.65,quantile,13,68.0,1,MOBS-GLEAM_FLUH
2023-02-04,wk inc flu hosp,2023-02-18,0.65,quantile,13,56.0,2,MOBS-GLEAM_FLUH
2023-02-04,wk inc flu hosp,2023-02-25,0.65,quantile,13,48.0,3,MOBS-GLEAM_FLUH
2023-02-04,wk inc flu hosp,2023-02-04,0.7,quantile,13,85.0,0,MOBS-GLEAM_FLUH
2023-02-04,wk inc flu hosp,2023-02-11,0.7,quantile,13,72.0,1,MOBS-GLEAM_FLUH
2023-02-04,wk inc flu hosp,2023-02-18,0.7,quantile,13,60.0,2,MOBS-GLEAM_FLUH
2023-02-04,wk inc flu hosp,2023-02-25,0.7,quantile,13,51.0,3,MOBS-GLEAM_FLUH
2023-02-04,wk inc flu hosp,2023-02-04,0.75,quantile,13,91.0,0,MOBS-GLEAM_FLUH
2023-02-04,wk inc flu hosp,2023-02-11,0.75,quantile,13,77.0,1,MOBS-GLEAM_FLUH
2023-02-04,wk inc flu hosp,2023-02-18,0.75,quantile,13,64.0,2,MOBS-GLEAM_FLUH
2023-02-04,wk inc flu hosp,2023-02-25,0.75,quantile,13,54.0,3,MOBS-GLEAM_FLUH
2023-02-04,wk inc flu hosp,2023-02-04,0.8,quantile,13,98.0,0,MOBS-GLEAM_FLUH
2023-02-04,wk inc flu hosp,2023-02-11,0.8,quantile,13,83.0,1,MOBS-GLEAM_FLUH
2023-02-04,wk inc flu hosp,2023-02-18,0.8,quantile,13,68.0,2,MOBS-GLEAM_FLUH
2023-02-04,wk inc flu hosp,2023-02-25,0.8,quantile,13,58.0,3,MOBS-GLEAM_FLUH
2023-02-04,wk inc flu hosp,2023-02-04,0.85,quantile,13,106.0,0,MOBS-GLEAM_FLUH
2023-02-04,wk inc flu hosp,2023-02-11,0.85,quantile,13,90.0,1,MOBS-GLEAM_FLUH
2023-02-04,wk inc flu hosp,2023-02-18,0.85,quantile,13,74.0,2,MOBS-GLEAM_FLUH
2023-02-04,wk inc flu hosp,2023-02-25,0.85,quantile,13,63.0,3,MOBS-GLEAM_FLUH
2023-02-04,wk inc flu hosp,2023-02-04,0.9,quantile,13,116.0,0,MOBS-GLEAM_FLUH
2023-02-04,wk inc flu hosp,2023-02-11,0.9,quantile,13,99.0,1,MOBS-GLEAM_FLUH
2023-02-04,wk inc flu hosp,2023-02-18,0.9,quantile,13,82.0,2,MOBS-GLEAM_FLUH
2023-02-04,wk inc flu hosp,2023-02-25,0.9,quantile,13,70.0,3,MOBS-GLEAM_FLUH
2023-02-04,wk inc flu hosp,2023-02-04,0.95,quantile,13,134.0,0,MOBS-GLEAM_FLUH
2023-02-04,wk inc flu hosp,2023-02-11,0.95,quantile,13,114.0,1,MOBS-GLEAM_FLUH
2023-02-04,wk inc flu hosp,2023-02-18,0.95,quantile,13,94.0,2,MOBS-GLEAM_FLUH
2023-02-04,wk inc flu hosp,2023-02-25,0.95,quantile,13,80.0,3,MOBS-GLEAM_FLUH
2023-02-04,wk inc flu hosp,2023-02-04,0.975,quantile,13,150.0,0,MOBS-GLEAM_FLUH
2023-02-04,wk inc flu hosp,2023-02-11,0.975,quantile,13,128.0,1,MOBS-GLEAM_FLUH
2023-02-04,wk inc flu hosp,2023-02-18,0.975,quantile,13,106.0,2,MOBS-GLEAM_FLUH
2023-02-04,wk inc flu hosp,2023-02-25,0.975,quantile,13,90.0,3,MOBS-GLEAM_FLUH
2023-02-04,wk inc flu hosp,2023-02-04,0.99,quantile,13,170.0,0,MOBS-GLEAM_FLUH
2023-02-04,wk inc flu hosp,2023-02-11,0.99,quantile,13,145.0,1,MOBS-GLEAM_FLUH
2023-02-04,wk inc flu hosp,2023-02-18,0.99,quantile,13,120.0,2,MOBS-GLEAM_FLUH
2023-02-04,wk inc flu hosp,2023-02-25,0.99,quantile,13,102.0,3,MOBS-GLEAM_FLUH
2023-02-04,wk inc flu hosp,2023-02-04,nan,point,15,8.0,0,MOBS-GLEAM_FLUH
2023-02-04,wk inc flu hosp,2023-02-11,nan,point,15,7.0,1,MOBS-GLEAM_FLUH
2023-02-04,wk inc flu hosp,2023-02-18,nan,point,15,6.0,2,MOBS-GLEAM_FLUH
2023-02-04,wk inc flu hosp,2023-02-25,nan,point,15,5.0,3,MOBS-GLEAM_FLUH
2023-02-04,wk inc flu hosp,2023-02-04,0.01,quantile,15,1.0,0,MOBS-GLEAM_FLUH
2023-02-04,wk inc flu hosp,2023-02-11,0.01,quantile,15,0.0,1,MOBS-GLEAM_FLUH
2023-02-04,wk inc flu hosp,2023-02-18,0.01,quantile,15,0.0,2,MOBS-GLEAM_FLUH
2023-02-04,wk inc flu hosp,2023-02-25,0.01,quantile,15,0.0,3,MOBS-GLEAM_FLUH
2023-02-04,wk inc flu hosp,2023-02-04,0.025,quantile,15,1.0,0,MOBS-GLEAM_FLUH
2023-02-04,wk inc flu hosp,2023-02-11,0.025,quantile,15,1.0,1,MOBS-GLEAM_FLUH
2023-02-04,wk inc flu hosp,2023-02-18,0.025,quantile,15,1.0,2,MOBS-GLEAM_FLUH
2023-02-04,wk inc flu hosp,2023-02-25,0.025,quantile,15,0.0,3,MOBS-GLEAM_FLUH
2023-02-04,wk inc flu hosp,2023-02-04,0.05,quantile,15,2.0,0,MOBS-GLEAM_FLUH
2023-02-04,wk inc flu hosp,2023-02-11,0.05,quantile,15,2.0,1,MOBS-GLEAM_FLUH
2023-02-04,wk inc flu hosp,2023-02-18,0.05,quantile,15,1.0,2,MOBS-GLEAM_FLUH
2023-02-04,wk inc flu hosp,2023-02-25,0.05,quantile,15,1.0,3,MOBS-GLEAM_FLUH
2023-02-04,wk inc flu hosp,2023-02-04,0.1,quantile,15,3.0,0,MOBS-GLEAM_FLUH
2023-02-04,wk inc flu hosp,2023-02-11,0.1,quantile,15,2.0,1,MOBS-GLEAM_FLUH
2023-02-04,wk inc flu hosp,2023-02-18,0.1,quantile,15,2.0,2,MOBS-GLEAM_FLUH
2023-02-04,wk inc flu hosp,2023-02-25,0.1,quantile,15,2.0,3,MOBS-GLEAM_FLUH
2023-02-04,wk inc flu hosp,2023-02-04,0.15,quantile,15,4.0,0,MOBS-GLEAM_FLUH
2023-02-04,wk inc flu hosp,2023-02-11,0.15,quantile,15,3.0,1,MOBS-GLEAM_FLUH
2023-02-04,wk inc flu hosp,2023-02-18,0.15,quantile,15,2.0,2,MOBS-GLEAM_FLUH
2023-02-04,wk inc flu hosp,2023-02-25,0.15,quantile,15,2.0,3,MOBS-GLEAM_FLUH
2023-02-04,wk inc flu hosp,2023-02-04,0.2,quantile,15,4.0,0,MOBS-GLEAM_FLUH
2023-02-04,wk inc flu hosp,2023-02-11,0.2,quantile,15,4.0,1,MOBS-GLEAM_FLUH
2023-02-04,wk inc flu hosp,2023-02-18,0.2,quantile,15,3.0,2,MOBS-GLEAM_FLUH
2023-02-04,wk inc flu hosp,2023-02-25,0.2,quantile,15,2.0,3,MOBS-GLEAM_FLUH
2023-02-04,wk inc flu hosp,2023-02-04,0.25,quantile,15,5.0,0,MOBS-GLEAM_FLUH
2023-02-04,wk inc flu hosp,2023-02-11,0.25,quantile,15,4.0,1,MOBS-GLEAM_FLUH
2023-02-04,wk inc flu hosp,2023-02-18,0.25,quantile,15,3.0,2,MOBS-GLEAM_FLUH
2023-02-04,wk inc flu hosp,2023-02-25,0.25,quantile,15,3.0,3,MOBS-GLEAM_FLUH
2023-02-04,wk inc flu hosp,2023-02-04,0.3,quantile,15,6.0,0,MOBS-GLEAM_FLUH
2023-02-04,wk inc flu hosp,2023-02-11,0.3,quantile,15,5.0,1,MOBS-GLEAM_FLUH
2023-02-04,wk inc flu hosp,2023-02-18,0.3,quantile,15,4.0,2,MOBS-GLEAM_FLUH
2023-02-04,wk inc flu hosp,2023-02-25,0.3,quantile,15,3.0,3,MOBS-GLEAM_FLUH
2023-02-04,wk inc flu hosp,2023-02-04,0.35,quantile,15,6.0,0,MOBS-GLEAM_FLUH
2023-02-04,wk inc flu hosp,2023-02-11,0.35,quantile,15,5.0,1,MOBS-GLEAM_FLUH
2023-02-04,wk inc flu hosp,2023-02-18,0.35,quantile,15,4.0,2,MOBS-GLEAM_FLUH
2023-02-04,wk inc flu hosp,2023-02-25,0.35,quantile,15,4.0,3,MOBS-GLEAM_FLUH
2023-02-04,wk inc flu hosp,2023-02-04,0.4,quantile,15,7.0,0,MOBS-GLEAM_FLUH
2023-02-04,wk inc flu hosp,2023-02-11,0.4,quantile,15,6.0,1,MOBS-GLEAM_FLUH
2023-02-04,wk inc flu hosp,2023-02-18,0.4,quantile,15,5.0,2,MOBS-GLEAM_FLUH
2023-02-04,wk inc flu hosp,2023-02-25,0.4,quantile,15,4.0,3,MOBS-GLEAM_FLUH
2023-02-04,wk inc flu hosp,2023-02-04,0.45,quantile,15,7.0,0,MOBS-GLEAM_FLUH
2023-02-04,wk inc flu hosp,2023-02-11,0.45,quantile,15,6.0,1,MOBS-GLEAM_FLUH
2023-02-04,wk inc flu hosp,2023-02-18,0.45,quantile,15,5.0,2,MOBS-GLEAM_FLUH
2023-02-04,wk inc flu hosp,2023-02-25,0.45,quantile,15,4.0,3,MOBS-GLEAM_FLUH
2023-02-04,wk inc flu hosp,2023-02-04,0.5,quantile,15,8.0,0,MOBS-GLEAM_FLUH
2023-02-04,wk inc flu hosp,2023-02-11,0.5,quantile,15,7.0,1,MOBS-GLEAM_FLUH
2023-02-04,wk inc flu hosp,2023-02-18,0.5,quantile,15,6.0,2,MOBS-GLEAM_FLUH
2023-02-04,wk inc flu hosp,2023-02-25,0.5,quantile,15,5.0,3,MOBS-GLEAM_FLUH
2023-02-04,wk inc flu hosp,2023-02-04,0.55,quantile,15,8.0,0,MOBS-GLEAM_FLUH
2023-02-04,wk inc flu hosp,2023-02-11,0.55,quantile,15,7.0,1,MOBS-GLEAM_FLUH
2023-02-04,wk inc flu hosp,2023-02-18,0.55,quantile,15,6.0,2,MOBS-GLEAM_FLUH
2023-02-04,wk inc flu hosp,2023-02-25,0.55,quantile,15,5.0,3,MOBS-GLEAM_FLUH
2023-02-04,wk inc flu hosp,2023-02-04,0.6,quantile,15,9.0,0,MOBS-GLEAM_FLUH
2023-02-04,wk inc flu hosp,2023-02-11,0.6,quantile,15,8.0,1,MOBS-GLEAM_FLUH
2023-02-04,wk inc flu hosp,2023-02-18,0.6,quantile,15,7.0,2,MOBS-GLEAM_FLUH
2023-02-04,wk inc flu hosp,2023-02-25,0.6,quantile,15,6.0,3,MOBS-GLEAM_FLUH
2023-02-04,wk inc flu hosp,2023-02-04,0.65,quantile,15,10.0,0,MOBS-GLEAM_FLUH
2023-02-04,wk inc flu hosp,2023-02-11,0.65,quantile,15,8.0,1,MOBS-GLEAM_FLUH
2023-02-04,wk inc flu hosp,2023-02-18,0.65,quantile,15,7.0,2,MOBS-GLEAM_FLUH
2023-02-04,wk inc flu hosp,2023-02-25,0.65,quantile,15,6.0,3,MOBS-GLEAM_FLUH
2023-02-04,wk inc flu hosp,2023-02-04,0.7,quantile,15,10.0,0,MOBS-GLEAM_FLUH
2023-02-04,wk inc flu hosp,2023-02-11,0.7,quantile,15,9.0,1,MOBS-GLEAM_FLUH
2023-02-04,wk inc flu hosp,2023-02-18,0.7,quantile,15,8.0,2,MOBS-GLEAM_FLUH
2023-02-04,wk inc flu hosp,2023-02-25,0.7,quantile,15,7.0,3,MOBS-GLEAM_FLUH
2023-02-04,wk inc flu hosp,2023-02-04,0.75,quantile,15,11.0,0,MOBS-GLEAM_FLUH
2023-02-04,wk inc flu hosp,2023-02-11,0.75,quantile,15,10.0,1,MOBS-GLEAM_FLUH
2023-02-04,wk inc flu hosp,2023-02-18,0.75,quantile,15,8.0,2,MOBS-GLEAM_FLUH
2023-02-04,wk inc flu hosp,2023-02-25,0.75,quantile,15,7.0,3,MOBS-GLEAM_FLUH
2023-02-04,wk inc flu hosp,2023-02-04,0.8,quantile,15,12.0,0,MOBS-GLEAM_FLUH
2023-02-04,wk inc flu hosp,2023-02-11,0.8,quantile,15,10.0,1,MOBS-GLEAM_FLUH
2023-02-04,wk inc flu hosp,2023-02-18,0.8,quantile,15,9.0,2,MOBS-GLEAM_FLUH
2023-02-04,wk inc flu hosp,2023-02-25,0.8,quantile,15,8.0,3,MOBS-GLEAM_FLUH
2023-02-04,wk inc flu hosp,2023-02-04,0.85,quantile,15,13.0,0,MOBS-GLEAM_FLUH
2023-02-04,wk inc flu hosp,2023-02-11,0.85,quantile,15,11.0,1,MOBS-GLEAM_FLUH
2023-02-04,wk inc flu hosp,2023-02-18,0.85,quantile,15,10.0,2,MOBS-GLEAM_FLUH
2023-02-04,wk inc flu hosp,2023-02-25,0.85,quantile,15,9.0,3,MOBS-GLEAM_FLUH
2023-02-04,wk inc flu hosp,2023-02-04,0.9,quantile,15,15.0,0,MOBS-GLEAM_FLUH
2023-02-04,wk inc flu hosp,2023-02-11,0.9,quantile,15,13.0,1,MOBS-GLEAM_FLUH
2023-02-04,wk inc flu hosp,2023-02-18,0.9,quantile,15,11.0,2,MOBS-GLEAM_FLUH
2023-02-04,wk inc flu hosp,2023-02-25,0.9,quantile,15,10.0,3,MOBS-GLEAM_FLUH
2023-02-04,wk inc flu hosp,2023-02-04,0.95,quantile,15,17.0,0,MOBS-GLEAM_FLUH
2023-02-04,wk inc flu hosp,2023-02-11,0.95,quantile,15,15.0,1,MOBS-GLEAM_FLUH
2023-02-04,wk inc flu hosp,2023-02-18,0.95,quantile,15,13.0,2,MOBS-GLEAM_FLUH
2023-02-04,wk inc flu hosp,2023-02-25,0.95,quantile,15,11.0,3,MOBS-GLEAM_FLUH
2023-02-04,wk inc flu hosp,2023-02-04,0.975,quantile,15,20.0,0,MOBS-GLEAM_FLUH
2023-02-04,wk inc flu hosp,2023-02-11,0.975,quantile,15,17.0,1,MOBS-GLEAM_FLUH
2023-02-04,wk inc flu hosp,2023-02-18,0.975,quantile,15,15.0,2,MOBS-GLEAM_FLUH
2023-02-04,wk inc flu hosp,2023-02-25,0.975,quantile,15,13.0,3,MOBS-GLEAM_FLUH
2023-02-04,wk inc flu hosp,2023-02-04,0.99,quantile,15,23.0,0,MOBS-GLEAM_FLUH
2023-02-04,wk inc flu hosp,2023-02-11,0.99,quantile,15,20.0,1,MOBS-GLEAM_FLUH
2023-02-04,wk inc flu hosp,2023-02-18,0.99,quantile,15,17.0,2,MOBS-GLEAM_FLUH
2023-02-04,wk inc flu hosp,2023-02-25,0.99,quantile,15,15.0,3,MOBS-GLEAM_FLUH
2023-02-04,wk inc flu hosp,2023-02-04,nan,point,16,10.462219451125222,0,MOBS-GLEAM_FLUH
2023-02-04,wk inc flu hosp,2023-02-11,nan,point,16,6.347661994207943,1,MOBS-GLEAM_FLUH
2023-02-04,wk inc flu hosp,2023-02-18,nan,point,16,3.905917149283929,2,MOBS-GLEAM_FLUH
2023-02-04,wk inc flu hosp,2023-02-25,nan,point,16,2.3927649367317847,3,MOBS-GLEAM_FLUH
2023-02-04,wk inc flu hosp,2023-02-04,0.01,quantile,16,1.8805590774395904,0,MOBS-GLEAM_FLUH
2023-02-04,wk inc flu hosp,2023-02-11,0.01,quantile,16,1.0553038314110528,1,MOBS-GLEAM_FLUH
2023-02-04,wk inc flu hosp,2023-02-18,0.01,quantile,16,0.7530140979270135,2,MOBS-GLEAM_FLUH
2023-02-04,wk inc flu hosp,2023-02-25,0.01,quantile,16,0.75,3,MOBS-GLEAM_FLUH
2023-02-04,wk inc flu hosp,2023-02-04,0.025,quantile,16,2.437027102024385,0,MOBS-GLEAM_FLUH
2023-02-04,wk inc flu hosp,2023-02-11,0.025,quantile,16,1.3625788141776378,1,MOBS-GLEAM_FLUH
2023-02-04,wk inc flu hosp,2023-02-18,0.025,quantile,16,0.8577629763256671,2,MOBS-GLEAM_FLUH
2023-02-04,wk inc flu hosp,2023-02-25,0.025,quantile,16,0.75,3,MOBS-GLEAM_FLUH
2023-02-04,wk inc flu hosp,2023-02-04,0.05,quantile,16,3.064028574787903,0,MOBS-GLEAM_FLUH
2023-02-04,wk inc flu hosp,2023-02-11,0.05,quantile,16,1.7256742850089692,1,MOBS-GLEAM_FLUH
2023-02-04,wk inc flu hosp,2023-02-18,0.05,quantile,16,1.0739524935614753,2,MOBS-GLEAM_FLUH
2023-02-04,wk inc flu hosp,2023-02-25,0.05,quantile,16,0.7530298531634636,3,MOBS-GLEAM_FLUH
2023-02-04,wk inc flu hosp,2023-02-04,0.1,quantile,16,4.005379432546226,0,MOBS-GLEAM_FLUH
2023-02-04,wk inc flu hosp,2023-02-11,0.1,quantile,16,2.2583137095503463,1,MOBS-GLEAM_FLUH
2023-02-04,wk inc flu hosp,2023-02-18,0.1,quantile,16,1.3753093514891426,2,MOBS-GLEAM_FLUH
2023-02-04,wk inc flu hosp,2023-02-25,0.1,quantile,16,0.8821533560870511,3,MOBS-GLEAM_FLUH
2023-02-04,wk inc flu hosp,2023-02-04,0.15,quantile,16,4.810002927907284,0,MOBS-GLEAM_FLUH
2023-02-04,wk inc flu hosp,2023-02-11,0.15,quantile,16,2.7411587349884057,1,MOBS-GLEAM_FLUH
2023-02-04,wk inc flu hosp,2023-02-18,0.15,quantile,16,1.6478410851776777,2,MOBS-GLEAM_FLUH
2023-02-04,wk inc flu hosp,2023-02-25,0.15,quantile,16,1.085670789747864,3,MOBS-GLEAM_FLUH
2023-02-04,wk inc flu hosp,2023-02-04,0.2,quantile,16,5.598789383241172,0,MOBS-GLEAM_FLUH
2023-02-04,wk inc flu hosp,2023-02-11,0.2,quantile,16,3.1990824027541507,1,MOBS-GLEAM_FLUH
2023-02-04,wk inc flu hosp,2023-02-18,0.2,quantile,16,1.9196218022164813,2,MOBS-GLEAM_FLUH
2023-02-04,wk inc flu hosp,2023-02-25,0.2,quantile,16,1.2585921056785818,3,MOBS-GLEAM_FLUH
2023-02-04,wk inc flu hosp,2023-02-04,0.25,quantile,16,6.355563954388448,0,MOBS-GLEAM_FLUH
2023-02-04,wk inc flu hosp,2023-02-11,0.25,quantile,16,3.6587866143519654,1,MOBS-GLEAM_FLUH
2023-02-04,wk inc flu hosp,2023-02-18,0.25,quantile,16,2.2060639586546844,2,MOBS-GLEAM_FLUH
2023-02-04,wk inc flu hosp,2023-02-25,0.25,quantile,16,1.3707073746044969,3,MOBS-GLEAM_FLUH
2023-02-04,wk inc flu hosp,2023-02-04,0.3,quantile,16,7.113390838564367,0,MOBS-GLEAM_FLUH
2023-02-04,wk inc flu hosp,2023-02-11,0.3,quantile,16,4.128851751739668,1,MOBS-GLEAM_FLUH
2023-02-04,wk inc flu hosp,2023-02-18,0.3,quantile,16,2.4900045812877605,2,MOBS-GLEAM_FLUH
2023-02-04,wk inc flu hosp,2023-02-25,0.3,quantile,16,1.5600989277120227,3,MOBS-GLEAM_FLUH
2023-02-04,wk inc flu hosp,2023-02-04,0.35,quantile,16,7.870392473097499,0,MOBS-GLEAM_FLUH
2023-02-04,wk inc flu hosp,2023-02-11,0.35,quantile,16,4.622844545938721,1,MOBS-GLEAM_FLUH
2023-02-04,wk inc flu hosp,2023-02-18,0.35,quantile,16,2.8014110163037533,2,MOBS-GLEAM_FLUH
2023-02-04,wk inc flu hosp,2023-02-25,0.35,quantile,16,1.7463114925387864,3,MOBS-GLEAM_FLUH
2023-02-04,wk inc flu hosp,2023-02-04,0.4,quantile,16,8.665127026799833,0,MOBS-GLEAM_FLUH
2023-02-04,wk inc flu hosp,2023-02-11,0.4,quantile,16,5.153059614835529,1,MOBS-GLEAM_FLUH
2023-02-04,wk inc flu hosp,2023-02-18,0.4,quantile,16,3.137603434945008,2,MOBS-GLEAM_FLUH
2023-02-04,wk inc flu hosp,2023-02-25,0.4,quantile,16,1.928827308575268,3,MOBS-GLEAM_FLUH
2023-02-04,wk inc flu hosp,2023-02-04,0.45,quantile,16,9.517049346637696,0,MOBS-GLEAM_FLUH
2023-02-04,wk inc flu hosp,2023-02-11,0.45,quantile,16,5.740719320354837,1,MOBS-GLEAM_FLUH
2023-02-04,wk inc flu hosp,2023-02-18,0.45,quantile,16,3.5000745207713138,2,MOBS-GLEAM_FLUH
2023-02-04,wk inc flu hosp,2023-02-25,0.45,quantile,16,2.1507609782710366,3,MOBS-GLEAM_FLUH
2023-02-04,wk inc flu hosp,2023-02-04,0.5,quantile,16,10.462219451125222,0,MOBS-GLEAM_FLUH
2023-02-04,wk inc flu hosp,2023-02-11,0.5,quantile,16,6.347661994207943,1,MOBS-GLEAM_FLUH
2023-02-04,wk inc flu hosp,2023-02-18,0.5,quantile,16,3.905917149283929,2,MOBS-GLEAM_FLUH
2023-02-04,wk inc flu hosp,2023-02-25,0.5,quantile,16,2.3927649367317847,3,MOBS-GLEAM_FLUH
2023-02-04,wk inc flu hosp,2023-02-04,0.55,quantile,16,11.483715231135182,0,MOBS-GLEAM_FLUH
2023-02-04,wk inc flu hosp,2023-02-11,0.55,quantile,16,7.051230099177833,1,MOBS-GLEAM_FLUH
2023-02-04,wk inc flu hosp,2023-02-18,0.55,quantile,16,4.339163183172224,2,MOBS-GLEAM_FLUH
2023-02-04,wk inc flu hosp,2023-02-25,0.55,quantile,16,2.675452865561013,3,MOBS-GLEAM_FLUH
2023-02-04,wk inc flu hosp,2023-02-04,0.6,quantile,16,12.64889174286191,0,MOBS-GLEAM_FLUH
2023-02-04,wk inc flu hosp,2023-02-11,0.6,quantile,16,7.844669347283795,1,MOBS-GLEAM_FLUH
2023-02-04,wk inc flu hosp,2023-02-18,0.6,quantile,16,4.863376536048196,2,MOBS-GLEAM_FLUH
2023-02-04,wk inc flu hosp,2023-02-25,0.6,quantile,16,3.001403303695519,3,MOBS-GLEAM_FLUH
2023-02-04,wk inc flu hosp,2023-02-04,0.65,quantile,16,14.008026950778266,0,MOBS-GLEAM_FLUH
2023-02-04,wk inc flu hosp,2023-02-11,0.65,quantile,16,8.786299867642725,1,MOBS-GLEAM_FLUH
2023-02-04,wk inc flu hosp,2023-02-18,0.65,quantile,16,5.489891535429821,2,MOBS-GLEAM_FLUH
2023-02-04,wk inc flu hosp,2023-02-25,0.65,quantile,16,3.3949026956827777,3,MOBS-GLEAM_FLUH
2023-02-04,wk inc flu hosp,2023-02-04,0.7,quantile,16,15.635557046322049,0,MOBS-GLEAM_FLUH
2023-02-04,wk inc flu hosp,2023-02-11,0.7,quantile,16,9.954289323680094,1,MOBS-GLEAM_FLUH
2023-02-04,wk inc flu hosp,2023-02-18,0.7,quantile,16,6.251175642518419,2,MOBS-GLEAM_FLUH
2023-02-04,wk inc flu hosp,2023-02-25,0.7,quantile,16,3.8898326684301456,3,MOBS-GLEAM_FLUH
2023-02-04,wk inc flu hosp,2023-02-04,0.75,quantile,16,17.569268511681443,0,MOBS-GLEAM_FLUH
2023-02-04,wk inc flu hosp,2023-02-11,0.75,quantile,16,11.30588999965014,1,MOBS-GLEAM_FLUH
2023-02-04,wk inc flu hosp,2023-02-18,0.75,quantile,16,7.20314717583442,2,MOBS-GLEAM_FLUH
2023-02-04,wk inc flu hosp,2023-02-25,0.75,quantile,16,4.480469255636349,3,MOBS-GLEAM_FLUH
2023-02-04,wk inc flu hosp,2023-02-04,0.8,quantile,16,19.952714086331323,0,MOBS-GLEAM_FLUH
2023-02-04,wk inc flu hosp,2023-02-11,0.8,quantile,16,12.968745864399242,1,MOBS-GLEAM_FLUH
2023-02-04,wk inc flu hosp,2023-02-18,0.8,quantile,16,8.35187798230677,2,MOBS-GLEAM_FLUH
2023-02-04,wk inc flu hosp,2023-02-25,0.8,quantile,16,5.2443757858331725,3,MOBS-GLEAM_FLUH
2023-02-04,wk inc flu hosp,2023-02-04,0.85,quantile,16,22.97209506632769,0,MOBS-GLEAM_FLUH
2023-02-04,wk inc flu hosp,2023-02-11,0.85,quantile,16,15.23439303225862,1,MOBS-GLEAM_FLUH
2023-02-04,wk inc flu hosp,2023-02-18,0.85,quantile,16,9.906678564184446,2,MOBS-GLEAM_FLUH
2023-02-04,wk inc flu hosp,2023-02-25,0.85,quantile,16,6.199476768543473,3,MOBS-GLEAM_FLUH
2023-02-04,wk inc flu hosp,2023-02-04,0.9,quantile,16,26.91518261707684,0,MOBS-GLEAM_FLUH
2023-02-04,wk inc flu hosp,2023-02-11,0.9,quantile,16,18.206339846289016,1,MOBS-GLEAM_FLUH
2023-02-04,wk inc flu hosp,2023-02-18,0.9,quantile,16,11.987897843247543,2,MOBS-GLEAM_FLUH
2023-02-04,wk inc flu hosp,2023-02-25,0.9,quantile,16,7.471032477557651,3,MOBS-GLEAM_FLUH
2023-02-04,wk inc flu hosp,2023-02-04,0.95,quantile,16,33.27402383094149,0,MOBS-GLEAM_FLUH
2023-02-04,wk inc flu hosp,2023-02-11,0.95,quantile,16,22.75603456003478,1,MOBS-GLEAM_FLUH
2023-02-04,wk inc flu hosp,2023-02-18,0.95,quantile,16,15.114826386473624,2,MOBS-GLEAM_FLUH
2023-02-04,wk inc flu hosp,2023-02-25,0.95,quantile,16,9.45298455418906,3,MOBS-GLEAM_FLUH
2023-02-04,wk inc flu hosp,2023-02-04,0.975,quantile,16,38.47053148230436,0,MOBS-GLEAM_FLUH
2023-02-04,wk inc flu hosp,2023-02-11,0.975,quantile,16,26.5438701743028,1,MOBS-GLEAM_FLUH
2023-02-04,wk inc flu hosp,2023-02-18,0.975,quantile,16,17.720751354258518,2,MOBS-GLEAM_FLUH
2023-02-04,wk inc flu hosp,2023-02-25,0.975,quantile,16,11.198285123174031,3,MOBS-GLEAM_FLUH
2023-02-04,wk inc flu hosp,2023-02-04,0.99,quantile,16,43.973707758271765,0,MOBS-GLEAM_FLUH
2023-02-04,wk inc flu hosp,2023-02-11,0.99,quantile,16,30.577165653607,1,MOBS-GLEAM_FLUH
2023-02-04,wk inc flu hosp,2023-02-18,0.99,quantile,16,20.579669005524483,2,MOBS-GLEAM_FLUH
2023-02-04,wk inc flu hosp,2023-02-25,0.99,quantile,16,13.344932634244149,3,MOBS-GLEAM_FLUH
2023-02-04,wk inc flu hosp,2023-02-04,nan,point,17,44.0,0,MOBS-GLEAM_FLUH
2023-02-04,wk inc flu hosp,2023-02-11,nan,point,17,31.0,1,MOBS-GLEAM_FLUH
2023-02-04,wk inc flu hosp,2023-02-18,nan,point,17,23.0,2,MOBS-GLEAM_FLUH
2023-02-04,wk inc flu hosp,2023-02-25,nan,point,17,17.0,3,MOBS-GLEAM_FLUH
2023-02-04,wk inc flu hosp,2023-02-04,0.01,quantile,17,10.0,0,MOBS-GLEAM_FLUH
2023-02-04,wk inc flu hosp,2023-02-11,0.01,quantile,17,7.0,1,MOBS-GLEAM_FLUH
2023-02-04,wk inc flu hosp,2023-02-18,0.01,quantile,17,5.0,2,MOBS-GLEAM_FLUH
2023-02-04,wk inc flu hosp,2023-02-25,0.01,quantile,17,3.0,3,MOBS-GLEAM_FLUH
2023-02-04,wk inc flu hosp,2023-02-04,0.025,quantile,17,14.0,0,MOBS-GLEAM_FLUH
2023-02-04,wk inc flu hosp,2023-02-11,0.025,quantile,17,9.0,1,MOBS-GLEAM_FLUH
2023-02-04,wk inc flu hosp,2023-02-18,0.025,quantile,17,6.0,2,MOBS-GLEAM_FLUH
2023-02-04,wk inc flu hosp,2023-02-25,0.025,quantile,17,4.0,3,MOBS-GLEAM_FLUH
2023-02-04,wk inc flu hosp,2023-02-04,0.05,quantile,17,17.0,0,MOBS-GLEAM_FLUH
2023-02-04,wk inc flu hosp,2023-02-11,0.05,quantile,17,12.0,1,MOBS-GLEAM_FLUH
2023-02-04,wk inc flu hosp,2023-02-18,0.05,quantile,17,8.0,2,MOBS-GLEAM_FLUH
2023-02-04,wk inc flu hosp,2023-02-25,0.05,quantile,17,6.0,3,MOBS-GLEAM_FLUH
2023-02-04,wk inc flu hosp,2023-02-04,0.1,quantile,17,22.0,0,MOBS-GLEAM_FLUH
2023-02-04,wk inc flu hosp,2023-02-11,0.1,quantile,17,15.0,1,MOBS-GLEAM_FLUH
2023-02-04,wk inc flu hosp,2023-02-18,0.1,quantile,17,11.0,2,MOBS-GLEAM_FLUH
2023-02-04,wk inc flu hosp,2023-02-25,0.1,quantile,17,8.0,3,MOBS-GLEAM_FLUH
2023-02-04,wk inc flu hosp,2023-02-04,0.15,quantile,17,25.0,0,MOBS-GLEAM_FLUH
2023-02-04,wk inc flu hosp,2023-02-11,0.15,quantile,17,18.0,1,MOBS-GLEAM_FLUH
2023-02-04,wk inc flu hosp,2023-02-18,0.15,quantile,17,13.0,2,MOBS-GLEAM_FLUH
2023-02-04,wk inc flu hosp,2023-02-25,0.15,quantile,17,9.0,3,MOBS-GLEAM_FLUH
2023-02-04,wk inc flu hosp,2023-02-04,0.2,quantile,17,28.0,0,MOBS-GLEAM_FLUH
2023-02-04,wk inc flu hosp,2023-02-11,0.2,quantile,17,20.0,1,MOBS-GLEAM_FLUH
2023-02-04,wk inc flu hosp,2023-02-18,0.2,quantile,17,14.0,2,MOBS-GLEAM_FLUH
2023-02-04,wk inc flu hosp,2023-02-25,0.2,quantile,17,11.0,3,MOBS-GLEAM_FLUH
2023-02-04,wk inc flu hosp,2023-02-04,0.25,quantile,17,31.0,0,MOBS-GLEAM_FLUH
2023-02-04,wk inc flu hosp,2023-02-11,0.25,quantile,17,22.0,1,MOBS-GLEAM_FLUH
2023-02-04,wk inc flu hosp,2023-02-18,0.25,quantile,17,16.0,2,MOBS-GLEAM_FLUH
2023-02-04,wk inc flu hosp,2023-02-25,0.25,quantile,17,12.0,3,MOBS-GLEAM_FLUH
2023-02-04,wk inc flu hosp,2023-02-04,0.3,quantile,17,33.0,0,MOBS-GLEAM_FLUH
2023-02-04,wk inc flu hosp,2023-02-11,0.3,quantile,17,24.0,1,MOBS-GLEAM_FLUH
2023-02-04,wk inc flu hosp,2023-02-18,0.3,quantile,17,17.0,2,MOBS-GLEAM_FLUH
2023-02-04,wk inc flu hosp,2023-02-25,0.3,quantile,17,13.0,3,MOBS-GLEAM_FLUH
2023-02-04,wk inc flu hosp,2023-02-04,0.35,quantile,17,36.0,0,MOBS-GLEAM_FLUH
2023-02-04,wk inc flu hosp,2023-02-11,0.35,quantile,17,26.0,1,MOBS-GLEAM_FLUH
2023-02-04,wk inc flu hosp,2023-02-18,0.35,quantile,17,19.0,2,MOBS-GLEAM_FLUH
2023-02-04,wk inc flu hosp,2023-02-25,0.35,quantile,17,14.0,3,MOBS-GLEAM_FLUH
2023-02-04,wk inc flu hosp,2023-02-04,0.4,quantile,17,39.0,0,MOBS-GLEAM_FLUH
2023-02-04,wk inc flu hosp,2023-02-11,0.4,quantile,17,28.0,1,MOBS-GLEAM_FLUH
2023-02-04,wk inc flu hosp,2023-02-18,0.4,quantile,17,20.0,2,MOBS-GLEAM_FLUH
2023-02-04,wk inc flu hosp,2023-02-25,0.4,quantile,17,15.0,3,MOBS-GLEAM_FLUH
2023-02-04,wk inc flu hosp,2023-02-04,0.45,quantile,17,41.0,0,MOBS-GLEAM_FLUH
2023-02-04,wk inc flu hosp,2023-02-11,0.45,quantile,17,30.0,1,MOBS-GLEAM_FLUH
2023-02-04,wk inc flu hosp,2023-02-18,0.45,quantile,17,21.0,2,MOBS-GLEAM_FLUH
2023-02-04,wk inc flu hosp,2023-02-25,0.45,quantile,17,16.0,3,MOBS-GLEAM_FLUH
2023-02-04,wk inc flu hosp,2023-02-04,0.5,quantile,17,44.0,0,MOBS-GLEAM_FLUH
2023-02-04,wk inc flu hosp,2023-02-11,0.5,quantile,17,31.0,1,MOBS-GLEAM_FLUH
2023-02-04,wk inc flu hosp,2023-02-18,0.5,quantile,17,23.0,2,MOBS-GLEAM_FLUH
2023-02-04,wk inc flu hosp,2023-02-25,0.5,quantile,17,17.0,3,MOBS-GLEAM_FLUH
2023-02-04,wk inc flu hosp,2023-02-04,0.55,quantile,17,46.0,0,MOBS-GLEAM_FLUH
2023-02-04,wk inc flu hosp,2023-02-11,0.55,quantile,17,33.0,1,MOBS-GLEAM_FLUH
2023-02-04,wk inc flu hosp,2023-02-18,0.55,quantile,17,24.0,2,MOBS-GLEAM_FLUH
2023-02-04,wk inc flu hosp,2023-02-25,0.55,quantile,17,18.0,3,MOBS-GLEAM_FLUH
2023-02-04,wk inc flu hosp,2023-02-04,0.6,quantile,17,49.0,0,MOBS-GLEAM_FLUH
2023-02-04,wk inc flu hosp,2023-02-11,0.6,quantile,17,36.0,1,MOBS-GLEAM_FLUH
2023-02-04,wk inc flu hosp,2023-02-18,0.6,quantile,17,26.0,2,MOBS-GLEAM_FLUH
2023-02-04,wk inc flu hosp,2023-02-25,0.6,quantile,17,20.0,3,MOBS-GLEAM_FLUH
2023-02-04,wk inc flu hosp,2023-02-04,0.65,quantile,17,52.0,0,MOBS-GLEAM_FLUH
2023-02-04,wk inc flu hosp,2023-02-11,0.65,quantile,17,38.0,1,MOBS-GLEAM_FLUH
2023-02-04,wk inc flu hosp,2023-02-18,0.65,quantile,17,28.0,2,MOBS-GLEAM_FLUH
2023-02-04,wk inc flu hosp,2023-02-25,0.65,quantile,17,21.0,3,MOBS-GLEAM_FLUH
2023-02-04,wk inc flu hosp,2023-02-04,0.7,quantile,17,56.0,0,MOBS-GLEAM_FLUH
2023-02-04,wk inc flu hosp,2023-02-11,0.7,quantile,17,40.0,1,MOBS-GLEAM_FLUH
2023-02-04,wk inc flu hosp,2023-02-18,0.7,quantile,17,30.0,2,MOBS-GLEAM_FLUH
2023-02-04,wk inc flu hosp,2023-02-25,0.7,quantile,17,22.0,3,MOBS-GLEAM_FLUH
2023-02-04,wk inc flu hosp,2023-02-04,0.75,quantile,17,60.0,0,MOBS-GLEAM_FLUH
2023-02-04,wk inc flu hosp,2023-02-11,0.75,quantile,17,43.0,1,MOBS-GLEAM_FLUH
2023-02-04,wk inc flu hosp,2023-02-18,0.75,quantile,17,32.0,2,MOBS-GLEAM_FLUH
2023-02-04,wk inc flu hosp,2023-02-25,0.75,quantile,17,24.0,3,MOBS-GLEAM_FLUH
2023-02-04,wk inc flu hosp,2023-02-04,0.8,quantile,17,64.0,0,MOBS-GLEAM_FLUH
2023-02-04,wk inc flu hosp,2023-02-11,0.8,quantile,17,46.0,1,MOBS-GLEAM_FLUH
2023-02-04,wk inc flu hosp,2023-02-18,0.8,quantile,17,34.0,2,MOBS-GLEAM_FLUH
2023-02-04,wk inc flu hosp,2023-02-25,0.8,quantile,17,26.0,3,MOBS-GLEAM_FLUH
2023-02-04,wk inc flu hosp,2023-02-04,0.85,quantile,17,69.0,0,MOBS-GLEAM_FLUH
2023-02-04,wk inc flu hosp,2023-02-11,0.85,quantile,17,50.0,1,MOBS-GLEAM_FLUH
2023-02-04,wk inc flu hosp,2023-02-18,0.85,quantile,17,37.0,2,MOBS-GLEAM_FLUH
2023-02-04,wk inc flu hosp,2023-02-25,0.85,quantile,17,28.0,3,MOBS-GLEAM_FLUH
2023-02-04,wk inc flu hosp,2023-02-04,0.9,quantile,17,77.0,0,MOBS-GLEAM_FLUH
2023-02-04,wk inc flu hosp,2023-02-11,0.9,quantile,17,56.0,1,MOBS-GLEAM_FLUH
2023-02-04,wk inc flu hosp,2023-02-18,0.9,quantile,17,41.0,2,MOBS-GLEAM_FLUH
2023-02-04,wk inc flu hosp,2023-02-25,0.9,quantile,17,31.0,3,MOBS-GLEAM_FLUH
2023-02-04,wk inc flu hosp,2023-02-04,0.95,quantile,17,88.0,0,MOBS-GLEAM_FLUH
2023-02-04,wk inc flu hosp,2023-02-11,0.95,quantile,17,64.0,1,MOBS-GLEAM_FLUH
2023-02-04,wk inc flu hosp,2023-02-18,0.95,quantile,17,47.0,2,MOBS-GLEAM_FLUH
2023-02-04,wk inc flu hosp,2023-02-25,0.95,quantile,17,36.0,3,MOBS-GLEAM_FLUH
2023-02-04,wk inc flu hosp,2023-02-04,0.975,quantile,17,99.0,0,MOBS-GLEAM_FLUH
2023-02-04,wk inc flu hosp,2023-02-11,0.975,quantile,17,72.0,1,MOBS-GLEAM_FLUH
2023-02-04,wk inc flu hosp,2023-02-18,0.975,quantile,17,53.0,2,MOBS-GLEAM_FLUH
2023-02-04,wk inc flu hosp,2023-02-25,0.975,quantile,17,40.0,3,MOBS-GLEAM_FLUH
2023-02-04,wk inc flu hosp,2023-02-04,0.99,quantile,17,112.0,0,MOBS-GLEAM_FLUH
2023-02-04,wk inc flu hosp,2023-02-11,0.99,quantile,17,82.0,1,MOBS-GLEAM_FLUH
2023-02-04,wk inc flu hosp,2023-02-18,0.99,quantile,17,61.0,2,MOBS-GLEAM_FLUH
2023-02-04,wk inc flu hosp,2023-02-25,0.99,quantile,17,46.0,3,MOBS-GLEAM_FLUH
2023-02-04,wk inc flu hosp,2023-02-04,nan,point,18,44.56725913299296,0,MOBS-GLEAM_FLUH
2023-02-04,wk inc flu hosp,2023-02-11,nan,point,18,31.00906569508664,1,MOBS-GLEAM_FLUH
2023-02-04,wk inc flu hosp,2023-02-18,nan,point,18,22.3149860577669,2,MOBS-GLEAM_FLUH
2023-02-04,wk inc flu hosp,2023-02-25,nan,point,18,16.867993183954653,3,MOBS-GLEAM_FLUH
2023-02-04,wk inc flu hosp,2023-02-04,0.01,quantile,18,16.704237062527742,0,MOBS-GLEAM_FLUH
2023-02-04,wk inc flu hosp,2023-02-11,0.01,quantile,18,13.41696264149393,1,MOBS-GLEAM_FLUH
2023-02-04,wk inc flu hosp,2023-02-18,0.01,quantile,18,11.802447076296469,2,MOBS-GLEAM_FLUH
2023-02-04,wk inc flu hosp,2023-02-25,0.01,quantile,18,11.017959386050215,3,MOBS-GLEAM_FLUH
2023-02-04,wk inc flu hosp,2023-02-04,0.025,quantile,18,18.34028028190321,0,MOBS-GLEAM_FLUH
2023-02-04,wk inc flu hosp,2023-02-11,0.025,quantile,18,14.408297089877172,1,MOBS-GLEAM_FLUH
2023-02-04,wk inc flu hosp,2023-02-18,0.025,quantile,18,12.34045653550716,2,MOBS-GLEAM_FLUH
2023-02-04,wk inc flu hosp,2023-02-25,0.025,quantile,18,11.303885001977209,3,MOBS-GLEAM_FLUH
2023-02-04,wk inc flu hosp,2023-02-04,0.05,quantile,18,20.418298318198957,0,MOBS-GLEAM_FLUH
2023-02-04,wk inc flu hosp,2023-02-11,0.05,quantile,18,15.56900767377902,1,MOBS-GLEAM_FLUH
2023-02-04,wk inc flu hosp,2023-02-18,0.05,quantile,18,12.965474471564113,2,MOBS-GLEAM_FLUH
2023-02-04,wk inc flu hosp,2023-02-25,0.05,quantile,18,11.63669463571098,3,MOBS-GLEAM_FLUH
2023-02-04,wk inc flu hosp,2023-02-04,0.1,quantile,18,23.44620348391377,0,MOBS-GLEAM_FLUH
2023-02-04,wk inc flu hosp,2023-02-11,0.1,quantile,18,17.393625513133827,1,MOBS-GLEAM_FLUH
2023-02-04,wk inc flu hosp,2023-02-18,0.1,quantile,18,14.040207519591869,2,MOBS-GLEAM_FLUH
2023-02-04,wk inc flu hosp,2023-02-25,0.1,quantile,18,12.186508836423227,3,MOBS-GLEAM_FLUH
2023-02-04,wk inc flu hosp,2023-02-04,0.15,quantile,18,25.96395753875993,0,MOBS-GLEAM_FLUH
2023-02-04,wk inc flu hosp,2023-02-11,0.15,quantile,18,19.032933488588338,1,MOBS-GLEAM_FLUH
2023-02-04,wk inc flu hosp,2023-02-18,0.15,quantile,18,14.938926500319942,2,MOBS-GLEAM_FLUH
2023-02-04,wk inc flu hosp,2023-02-25,0.15,quantile,18,12.685737603753696,3,MOBS-GLEAM_FLUH
2023-02-04,wk inc flu hosp,2023-02-04,0.2,quantile,18,28.355436096706047,0,MOBS-GLEAM_FLUH
2023-02-04,wk inc flu hosp,2023-02-11,0.2,quantile,18,20.555178466542277,1,MOBS-GLEAM_FLUH
2023-02-04,wk inc flu hosp,2023-02-18,0.2,quantile,18,15.835320660201534,2,MOBS-GLEAM_FLUH
2023-02-04,wk inc flu hosp,2023-02-25,0.2,quantile,18,13.18378730994132,3,MOBS-GLEAM_FLUH
2023-02-04,wk inc flu hosp,2023-02-04,0.25,quantile,18,30.909271791525377,0,MOBS-GLEAM_FLUH
2023-02-04,wk inc flu hosp,2023-02-11,0.25,quantile,18,22.15537766738023,1,MOBS-GLEAM_FLUH
2023-02-04,wk inc flu hosp,2023-02-18,0.25,quantile,18,16.790069870225075,2,MOBS-GLEAM_FLUH
2023-02-04,wk inc flu hosp,2023-02-25,0.25,quantile,18,13.687110251412603,3,MOBS-GLEAM_FLUH
2023-02-04,wk inc flu hosp,2023-02-04,0.3,quantile,18,33.581142281112825,0,MOBS-GLEAM_FLUH
2023-02-04,wk inc flu hosp,2023-02-11,0.3,quantile,18,23.74204447583992,1,MOBS-GLEAM_FLUH
2023-02-04,wk inc flu hosp,2023-02-18,0.3,quantile,18,17.76151078340187,2,MOBS-GLEAM_FLUH
2023-02-04,wk inc flu hosp,2023-02-25,0.3,quantile,18,14.201972822976613,3,MOBS-GLEAM_FLUH
2023-02-04,wk inc flu hosp,2023-02-04,0.35,quantile,18,36.257067712815925,0,MOBS-GLEAM_FLUH
2023-02-04,wk inc flu hosp,2023-02-11,0.35,quantile,18,25.462251296699577,1,MOBS-GLEAM_FLUH
2023-02-04,wk inc flu hosp,2023-02-18,0.35,quantile,18,18.77418356791569,2,MOBS-GLEAM_FLUH
2023-02-04,wk inc flu hosp,2023-02-25,0.35,quantile,18,14.795178947538172,3,MOBS-GLEAM_FLUH
2023-02-04,wk inc flu hosp,2023-02-04,0.4,quantile,18,38.916656027182526,0,MOBS-GLEAM_FLUH
2023-02-04,wk inc flu hosp,2023-02-11,0.4,quantile,18,27.26433079655112,1,MOBS-GLEAM_FLUH
2023-02-04,wk inc flu hosp,2023-02-18,0.4,quantile,18,19.909793575135243,2,MOBS-GLEAM_FLUH
2023-02-04,wk inc flu hosp,2023-02-25,0.4,quantile,18,15.420114183866238,3,MOBS-GLEAM_FLUH
2023-02-04,wk inc flu hosp,2023-02-04,0.45,quantile,18,41.58331799677372,0,MOBS-GLEAM_FLUH
2023-02-04,wk inc flu hosp,2023-02-11,0.45,quantile,18,29.062326046936672,1,MOBS-GLEAM_FLUH
2023-02-04,wk inc flu hosp,2023-02-18,0.45,quantile,18,21.049951772146784,2,MOBS-GLEAM_FLUH
2023-02-04,wk inc flu hosp,2023-02-25,0.45,quantile,18,16.09836819894906,3,MOBS-GLEAM_FLUH
2023-02-04,wk inc flu hosp,2023-02-04,0.5,quantile,18,44.56725913299296,0,MOBS-GLEAM_FLUH
2023-02-04,wk inc flu hosp,2023-02-11,0.5,quantile,18,31.00906569508664,1,MOBS-GLEAM_FLUH
2023-02-04,wk inc flu hosp,2023-02-18,0.5,quantile,18,22.3149860577669,2,MOBS-GLEAM_FLUH
2023-02-04,wk inc flu hosp,2023-02-25,0.5,quantile,18,16.867993183954653,3,MOBS-GLEAM_FLUH
2023-02-04,wk inc flu hosp,2023-02-04,0.55,quantile,18,47.61888292414773,0,MOBS-GLEAM_FLUH
2023-02-04,wk inc flu hosp,2023-02-11,0.55,quantile,18,33.143177624288384,1,MOBS-GLEAM_FLUH
2023-02-04,wk inc flu hosp,2023-02-18,0.55,quantile,18,23.73606478613521,2,MOBS-GLEAM_FLUH
2023-02-04,wk inc flu hosp,2023-02-25,0.55,quantile,18,17.758191402589183,3,MOBS-GLEAM_FLUH
2023-02-04,wk inc flu hosp,2023-02-04,0.6,quantile,18,51.104440288455685,0,MOBS-GLEAM_FLUH
2023-02-04,wk inc flu hosp,2023-02-11,0.6,quantile,18,35.62437270403159,1,MOBS-GLEAM_FLUH
2023-02-04,wk inc flu hosp,2023-02-18,0.6,quantile,18,25.38752354723523,2,MOBS-GLEAM_FLUH
2023-02-04,wk inc flu hosp,2023-02-25,0.6,quantile,18,18.769954855367587,3,MOBS-GLEAM_FLUH
2023-02-04,wk inc flu hosp,2023-02-04,0.65,quantile,18,55.09859173182953,0,MOBS-GLEAM_FLUH
2023-02-04,wk inc flu hosp,2023-02-11,0.65,quantile,18,38.636397544116285,1,MOBS-GLEAM_FLUH
2023-02-04,wk inc flu hosp,2023-02-18,0.65,quantile,18,27.386676707329343,2,MOBS-GLEAM_FLUH
2023-02-04,wk inc flu hosp,2023-02-25,0.65,quantile,18,19.95281335395668,3,MOBS-GLEAM_FLUH
2023-02-04,wk inc flu hosp,2023-02-04,0.7,quantile,18,59.79896210206695,0,MOBS-GLEAM_FLUH
2023-02-04,wk inc flu hosp,2023-02-11,0.7,quantile,18,41.966820157748735,1,MOBS-GLEAM_FLUH
2023-02-04,wk inc flu hosp,2023-02-18,0.7,quantile,18,29.73145904077448,2,MOBS-GLEAM_FLUH
2023-02-04,wk inc flu hosp,2023-02-25,0.7,quantile,18,21.392582666594855,3,MOBS-GLEAM_FLUH
2023-02-04,wk inc flu hosp,2023-02-04,0.75,quantile,18,64.97937233785811,0,MOBS-GLEAM_FLUH
2023-02-04,wk inc flu hosp,2023-02-11,0.75,quantile,18,45.948820991058525,1,MOBS-GLEAM_FLUH
2023-02-04,wk inc flu hosp,2023-02-18,0.75,quantile,18,32.38354753954249,2,MOBS-GLEAM_FLUH
2023-02-04,wk inc flu hosp,2023-02-25,0.75,quantile,18,23.05411453686852,3,MOBS-GLEAM_FLUH
2023-02-04,wk inc flu hosp,2023-02-04,0.8,quantile,18,71.47515541691689,0,MOBS-GLEAM_FLUH
2023-02-04,wk inc flu hosp,2023-02-11,0.8,quantile,18,50.54950012536809,1,MOBS-GLEAM_FLUH
2023-02-04,wk inc flu hosp,2023-02-18,0.8,quantile,18,35.56030516440092,2,MOBS-GLEAM_FLUH
2023-02-04,wk inc flu hosp,2023-02-25,0.8,quantile,18,25.132921390559748,3,MOBS-GLEAM_FLUH
2023-02-04,wk inc flu hosp,2023-02-04,0.85,quantile,18,79.7431893831999,0,MOBS-GLEAM_FLUH
2023-02-04,wk inc flu hosp,2023-02-11,0.85,quantile,18,56.62929526982251,1,MOBS-GLEAM_FLUH
2023-02-04,wk inc flu hosp,2023-02-18,0.85,quantile,18,39.71660557745975,2,MOBS-GLEAM_FLUH
2023-02-04,wk inc flu hosp,2023-02-25,0.85,quantile,18,27.73578085255406,3,MOBS-GLEAM_FLUH
2023-02-04,wk inc flu hosp,2023-02-04,0.9,quantile,18,90.4263707396751,0,MOBS-GLEAM_FLUH
2023-02-04,wk inc flu hosp,2023-02-11,0.9,quantile,18,64.92521394578092,1,MOBS-GLEAM_FLUH
2023-02-04,wk inc flu hosp,2023-02-18,0.9,quantile,18,45.56225409686168,2,MOBS-GLEAM_FLUH
2023-02-04,wk inc flu hosp,2023-02-25,0.9,quantile,18,31.34831176739646,3,MOBS-GLEAM_FLUH
2023-02-04,wk inc flu hosp,2023-02-04,0.95,quantile,18,106.91988573661922,0,MOBS-GLEAM_FLUH
2023-02-04,wk inc flu hosp,2023-02-11,0.95,quantile,18,78.1181145339688,1,MOBS-GLEAM_FLUH
2023-02-04,wk inc flu hosp,2023-02-18,0.95,quantile,18,55.097833576583774,2,MOBS-GLEAM_FLUH
2023-02-04,wk inc flu hosp,2023-02-25,0.95,quantile,18,37.8328034315689,3,MOBS-GLEAM_FLUH
2023-02-04,wk inc flu hosp,2023-02-04,0.975,quantile,18,121.51322124057197,0,MOBS-GLEAM_FLUH
2023-02-04,wk inc flu hosp,2023-02-11,0.975,quantile,18,90.01512822995691,1,MOBS-GLEAM_FLUH
2023-02-04,wk inc flu hosp,2023-02-18,0.975,quantile,18,63.701623684401206,2,MOBS-GLEAM_FLUH
2023-02-04,wk inc flu hosp,2023-02-25,0.975,quantile,18,43.44582026728846,3,MOBS-GLEAM_FLUH
2023-02-04,wk inc flu hosp,2023-02-04,0.99,quantile,18,136.7637126633196,0,MOBS-GLEAM_FLUH
2023-02-04,wk inc flu hosp,2023-02-11,0.99,quantile,18,101.77185238362269,1,MOBS-GLEAM_FLUH
2023-02-04,wk inc flu hosp,2023-02-18,0.99,quantile,18,72.6149370231714,2,MOBS-GLEAM_FLUH
2023-02-04,wk inc flu hosp,2023-02-25,0.99,quantile,18,49.600708637570605,3,MOBS-GLEAM_FLUH
2023-02-04,wk inc flu hosp,2023-02-04,nan,point,19,36.027535622040205,0,MOBS-GLEAM_FLUH
2023-02-04,wk inc flu hosp,2023-02-11,nan,point,19,23.64003457672446,1,MOBS-GLEAM_FLUH
2023-02-04,wk inc flu hosp,2023-02-18,nan,point,19,14.987168991185488,2,MOBS-GLEAM_FLUH
2023-02-04,wk inc flu hosp,2023-02-25,nan,point,19,9.1925113716944,3,MOBS-GLEAM_FLUH
2023-02-04,wk inc flu hosp,2023-02-04,0.01,quantile,19,8.673223983949205,0,MOBS-GLEAM_FLUH
2023-02-04,wk inc flu hosp,2023-02-11,0.01,quantile,19,4.636556509280894,1,MOBS-GLEAM_FLUH
2023-02-04,wk inc flu hosp,2023-02-18,0.01,quantile,19,2.465327512796911,2,MOBS-GLEAM_FLUH
2023-02-04,wk inc flu hosp,2023-02-25,0.01,quantile,19,1.46931116505165,3,MOBS-GLEAM_FLUH
2023-02-04,wk inc flu hosp,2023-02-04,0.025,quantile,19,10.459721652173586,0,MOBS-GLEAM_FLUH
2023-02-04,wk inc flu hosp,2023-02-11,0.025,quantile,19,5.771400240784519,1,MOBS-GLEAM_FLUH
2023-02-04,wk inc flu hosp,2023-02-18,0.025,quantile,19,3.115079038260591,2,MOBS-GLEAM_FLUH
2023-02-04,wk inc flu hosp,2023-02-25,0.025,quantile,19,1.8333892184497125,3,MOBS-GLEAM_FLUH
2023-02-04,wk inc flu hosp,2023-02-04,0.05,quantile,19,12.642351254094272,0,MOBS-GLEAM_FLUH
2023-02-04,wk inc flu hosp,2023-02-11,0.05,quantile,19,7.121838299252431,1,MOBS-GLEAM_FLUH
2023-02-04,wk inc flu hosp,2023-02-18,0.05,quantile,19,3.945206096212048,2,MOBS-GLEAM_FLUH
2023-02-04,wk inc flu hosp,2023-02-25,0.05,quantile,19,2.2705541056675407,3,MOBS-GLEAM_FLUH
2023-02-04,wk inc flu hosp,2023-02-04,0.1,quantile,19,15.864360446711297,0,MOBS-GLEAM_FLUH
2023-02-04,wk inc flu hosp,2023-02-11,0.1,quantile,19,9.223187072184617,1,MOBS-GLEAM_FLUH
2023-02-04,wk inc flu hosp,2023-02-18,0.1,quantile,19,5.28520685412727,2,MOBS-GLEAM_FLUH
2023-02-04,wk inc flu hosp,2023-02-25,0.1,quantile,19,3.0230230241806533,3,MOBS-GLEAM_FLUH
2023-02-04,wk inc flu hosp,2023-02-04,0.15,quantile,19,18.390279388013344,0,MOBS-GLEAM_FLUH
2023-02-04,wk inc flu hosp,2023-02-11,0.15,quantile,19,10.97135076724452,1,MOBS-GLEAM_FLUH
2023-02-04,wk inc flu hosp,2023-02-18,0.15,quantile,19,6.425397261936154,2,MOBS-GLEAM_FLUH
2023-02-04,wk inc flu hosp,2023-02-25,0.15,quantile,19,3.700954049038687,3,MOBS-GLEAM_FLUH
2023-02-04,wk inc flu hosp,2023-02-04,0.2,quantile,19,20.872057306512705,0,MOBS-GLEAM_FLUH
2023-02-04,wk inc flu hosp,2023-02-11,0.2,quantile,19,12.70894107108284,1,MOBS-GLEAM_FLUH
2023-02-04,wk inc flu hosp,2023-02-18,0.2,quantile,19,7.472941134167987,2,MOBS-GLEAM_FLUH
2023-02-04,wk inc flu hosp,2023-02-25,0.2,quantile,19,4.362064270970186,3,MOBS-GLEAM_FLUH
2023-02-04,wk inc flu hosp,2023-02-04,0.25,quantile,19,23.33042135940927,0,MOBS-GLEAM_FLUH
2023-02-04,wk inc flu hosp,2023-02-11,0.25,quantile,19,14.395697314052468,1,MOBS-GLEAM_FLUH
2023-02-04,wk inc flu hosp,2023-02-18,0.25,quantile,19,8.608724636561565,2,MOBS-GLEAM_FLUH
2023-02-04,wk inc flu hosp,2023-02-25,0.25,quantile,19,5.0358403069769215,3,MOBS-GLEAM_FLUH
2023-02-04,wk inc flu hosp,2023-02-04,0.3,quantile,19,25.830572523154427,0,MOBS-GLEAM_FLUH
2023-02-04,wk inc flu hosp,2023-02-11,0.3,quantile,19,16.039456753642025,1,MOBS-GLEAM_FLUH
2023-02-04,wk inc flu hosp,2023-02-18,0.3,quantile,19,9.74252936740785,2,MOBS-GLEAM_FLUH
2023-02-04,wk inc flu hosp,2023-02-25,0.3,quantile,19,5.752466581262262,3,MOBS-GLEAM_FLUH
2023-02-04,wk inc flu hosp,2023-02-04,0.35,quantile,19,28.22566275712152,0,MOBS-GLEAM_FLUH
2023-02-04,wk inc flu hosp,2023-02-11,0.35,quantile,19,17.79013606022279,1,MOBS-GLEAM_FLUH
2023-02-04,wk inc flu hosp,2023-02-18,0.35,quantile,19,10.95986610957606,2,MOBS-GLEAM_FLUH
2023-02-04,wk inc flu hosp,2023-02-25,0.35,quantile,19,6.543703668849396,3,MOBS-GLEAM_FLUH
2023-02-04,wk inc flu hosp,2023-02-04,0.4,quantile,19,30.6385738204612,0,MOBS-GLEAM_FLUH
2023-02-04,wk inc flu hosp,2023-02-11,0.4,quantile,19,19.61643730716011,1,MOBS-GLEAM_FLUH
2023-02-04,wk inc flu hosp,2023-02-18,0.4,quantile,19,12.192175267148627,2,MOBS-GLEAM_FLUH
2023-02-04,wk inc flu hosp,2023-02-25,0.4,quantile,19,7.367248007630173,3,MOBS-GLEAM_FLUH
2023-02-04,wk inc flu hosp,2023-02-04,0.45,quantile,19,33.28982578562757,0,MOBS-GLEAM_FLUH
2023-02-04,wk inc flu hosp,2023-02-11,0.45,quantile,19,21.55974284485356,1,MOBS-GLEAM_FLUH
2023-02-04,wk inc flu hosp,2023-02-18,0.45,quantile,19,13.557623507804896,2,MOBS-GLEAM_FLUH
2023-02-04,wk inc flu hosp,2023-02-25,0.45,quantile,19,8.23571740993542,3,MOBS-GLEAM_FLUH
2023-02-04,wk inc flu hosp,2023-02-04,0.5,quantile,19,36.027535622040205,0,MOBS-GLEAM_FLUH
2023-02-04,wk inc flu hosp,2023-02-11,0.5,quantile,19,23.64003457672446,1,MOBS-GLEAM_FLUH
2023-02-04,wk inc flu hosp,2023-02-18,0.5,quantile,19,14.987168991185488,2,MOBS-GLEAM_FLUH
2023-02-04,wk inc flu hosp,2023-02-25,0.5,quantile,19,9.1925113716944,3,MOBS-GLEAM_FLUH
2023-02-04,wk inc flu hosp,2023-02-04,0.55,quantile,19,39.10076783463846,0,MOBS-GLEAM_FLUH
2023-02-04,wk inc flu hosp,2023-02-11,0.55,quantile,19,25.911448469802544,1,MOBS-GLEAM_FLUH
2023-02-04,wk inc flu hosp,2023-02-18,0.55,quantile,19,16.63844027346751,2,MOBS-GLEAM_FLUH
2023-02-04,wk inc flu hosp,2023-02-25,0.55,quantile,19,10.285908998923354,3,MOBS-GLEAM_FLUH
2023-02-04,wk inc flu hosp,2023-02-04,0.6,quantile,19,42.5892818110534,0,MOBS-GLEAM_FLUH
2023-02-04,wk inc flu hosp,2023-02-11,0.6,quantile,19,28.55557374823667,1,MOBS-GLEAM_FLUH
2023-02-04,wk inc flu hosp,2023-02-18,0.6,quantile,19,18.65003845712756,2,MOBS-GLEAM_FLUH
2023-02-04,wk inc flu hosp,2023-02-25,0.6,quantile,19,11.58721970301268,3,MOBS-GLEAM_FLUH
2023-02-04,wk inc flu hosp,2023-02-04,0.65,quantile,19,46.68370888130505,0,MOBS-GLEAM_FLUH
2023-02-04,wk inc flu hosp,2023-02-11,0.65,quantile,19,31.75508758900044,1,MOBS-GLEAM_FLUH
2023-02-04,wk inc flu hosp,2023-02-18,0.65,quantile,19,20.969932029240876,2,MOBS-GLEAM_FLUH
2023-02-04,wk inc flu hosp,2023-02-25,0.65,quantile,19,13.106389750714357,3,MOBS-GLEAM_FLUH
2023-02-04,wk inc flu hosp,2023-02-04,0.7,quantile,19,51.49101247860738,0,MOBS-GLEAM_FLUH
2023-02-04,wk inc flu hosp,2023-02-11,0.7,quantile,19,35.55880839402704,1,MOBS-GLEAM_FLUH
2023-02-04,wk inc flu hosp,2023-02-18,0.7,quantile,19,23.79054882962208,2,MOBS-GLEAM_FLUH
2023-02-04,wk inc flu hosp,2023-02-25,0.7,quantile,19,14.968890628524033,3,MOBS-GLEAM_FLUH
2023-02-04,wk inc flu hosp,2023-02-04,0.75,quantile,19,57.0339849870673,0,MOBS-GLEAM_FLUH
2023-02-04,wk inc flu hosp,2023-02-11,0.75,quantile,19,40.311409459982094,1,MOBS-GLEAM_FLUH
2023-02-04,wk inc flu hosp,2023-02-18,0.75,quantile,19,27.084821753804057,2,MOBS-GLEAM_FLUH
2023-02-04,wk inc flu hosp,2023-02-25,0.75,quantile,19,17.29913157545467,3,MOBS-GLEAM_FLUH
2023-02-04,wk inc flu hosp,2023-02-04,0.8,quantile,19,63.888250161320805,0,MOBS-GLEAM_FLUH
2023-02-04,wk inc flu hosp,2023-02-11,0.8,quantile,19,45.81454814609928,1,MOBS-GLEAM_FLUH
2023-02-04,wk inc flu hosp,2023-02-18,0.8,quantile,19,31.11017527437716,2,MOBS-GLEAM_FLUH
2023-02-04,wk inc flu hosp,2023-02-25,0.8,quantile,19,19.905720953691315,3,MOBS-GLEAM_FLUH
2023-02-04,wk inc flu hosp,2023-02-04,0.85,quantile,19,72.2497677729435,0,MOBS-GLEAM_FLUH
2023-02-04,wk inc flu hosp,2023-02-11,0.85,quantile,19,52.23078560566614,1,MOBS-GLEAM_FLUH
2023-02-04,wk inc flu hosp,2023-02-18,0.85,quantile,19,35.63843582214154,2,MOBS-GLEAM_FLUH
2023-02-04,wk inc flu hosp,2023-02-25,0.85,quantile,19,22.8507497806603,3,MOBS-GLEAM_FLUH
2023-02-04,wk inc flu hosp,2023-02-04,0.9,quantile,19,82.60711049334977,0,MOBS-GLEAM_FLUH
2023-02-04,wk inc flu hosp,2023-02-11,0.9,quantile,19,60.139817178281824,1,MOBS-GLEAM_FLUH
2023-02-04,wk inc flu hosp,2023-02-18,0.9,quantile,19,41.38873610398007,2,MOBS-GLEAM_FLUH
2023-02-04,wk inc flu hosp,2023-02-25,0.9,quantile,19,26.57391782435352,3,MOBS-GLEAM_FLUH
2023-02-04,wk inc flu hosp,2023-02-04,0.95,quantile,19,98.4507095750327,0,MOBS-GLEAM_FLUH
2023-02-04,wk inc flu hosp,2023-02-11,0.95,quantile,19,72.30829080011374,1,MOBS-GLEAM_FLUH
2023-02-04,wk inc flu hosp,2023-02-18,0.95,quantile,19,49.940176106632656,2,MOBS-GLEAM_FLUH
2023-02-04,wk inc flu hosp,2023-02-25,0.95,quantile,19,32.591769528599166,3,MOBS-GLEAM_FLUH
2023-02-04,wk inc flu hosp,2023-02-04,0.975,quantile,19,111.65439961085464,0,MOBS-GLEAM_FLUH
2023-02-04,wk inc flu hosp,2023-02-11,0.975,quantile,19,83.34312551798611,1,MOBS-GLEAM_FLUH
2023-02-04,wk inc flu hosp,2023-02-18,0.975,quantile,19,58.28588125973787,2,MOBS-GLEAM_FLUH
2023-02-04,wk inc flu hosp,2023-02-25,0.975,quantile,19,38.3067162364345,3,MOBS-GLEAM_FLUH
2023-02-04,wk inc flu hosp,2023-02-04,0.99,quantile,19,124.4374491421294,0,MOBS-GLEAM_FLUH
2023-02-04,wk inc flu hosp,2023-02-11,0.99,quantile,19,93.89765455778652,1,MOBS-GLEAM_FLUH
2023-02-04,wk inc flu hosp,2023-02-18,0.99,quantile,19,66.63605357557591,2,MOBS-GLEAM_FLUH
2023-02-04,wk inc flu hosp,2023-02-25,0.99,quantile,19,44.26900042877921,3,MOBS-GLEAM_FLUH
2023-02-04,wk inc flu hosp,2023-02-04,nan,point,20,16.0,0,MOBS-GLEAM_FLUH
2023-02-04,wk inc flu hosp,2023-02-11,nan,point,20,11.0,1,MOBS-GLEAM_FLUH
2023-02-04,wk inc flu hosp,2023-02-18,nan,point,20,8.0,2,MOBS-GLEAM_FLUH
2023-02-04,wk inc flu hosp,2023-02-25,nan,point,20,5.0,3,MOBS-GLEAM_FLUH
2023-02-04,wk inc flu hosp,2023-02-04,0.01,quantile,20,3.0,0,MOBS-GLEAM_FLUH
2023-02-04,wk inc flu hosp,2023-02-11,0.01,quantile,20,1.0,1,MOBS-GLEAM_FLUH
2023-02-04,wk inc flu hosp,2023-02-18,0.01,quantile,20,1.0,2,MOBS-GLEAM_FLUH
2023-02-04,wk inc flu hosp,2023-02-25,0.01,quantile,20,0.0,3,MOBS-GLEAM_FLUH
2023-02-04,wk inc flu hosp,2023-02-04,0.025,quantile,20,4.0,0,MOBS-GLEAM_FLUH
2023-02-04,wk inc flu hosp,2023-02-11,0.025,quantile,20,2.0,1,MOBS-GLEAM_FLUH
2023-02-04,wk inc flu hosp,2023-02-18,0.025,quantile,20,1.0,2,MOBS-GLEAM_FLUH
2023-02-04,wk inc flu hosp,2023-02-25,0.025,quantile,20,1.0,3,MOBS-GLEAM_FLUH
2023-02-04,wk inc flu hosp,2023-02-04,0.05,quantile,20,5.0,0,MOBS-GLEAM_FLUH
2023-02-04,wk inc flu hosp,2023-02-11,0.05,quantile,20,3.0,1,MOBS-GLEAM_FLUH
2023-02-04,wk inc flu hosp,2023-02-18,0.05,quantile,20,2.0,2,MOBS-GLEAM_FLUH
2023-02-04,wk inc flu hosp,2023-02-25,0.05,quantile,20,1.0,3,MOBS-GLEAM_FLUH
2023-02-04,wk inc flu hosp,2023-02-04,0.1,quantile,20,7.0,0,MOBS-GLEAM_FLUH
2023-02-04,wk inc flu hosp,2023-02-11,0.1,quantile,20,5.0,1,MOBS-GLEAM_FLUH
2023-02-04,wk inc flu hosp,2023-02-18,0.1,quantile,20,3.0,2,MOBS-GLEAM_FLUH
2023-02-04,wk inc flu hosp,2023-02-25,0.1,quantile,20,2.0,3,MOBS-GLEAM_FLUH
2023-02-04,wk inc flu hosp,2023-02-04,0.15,quantile,20,8.0,0,MOBS-GLEAM_FLUH
2023-02-04,wk inc flu hosp,2023-02-11,0.15,quantile,20,6.0,1,MOBS-GLEAM_FLUH
2023-02-04,wk inc flu hosp,2023-02-18,0.15,quantile,20,4.0,2,MOBS-GLEAM_FLUH
2023-02-04,wk inc flu hosp,2023-02-25,0.15,quantile,20,2.0,3,MOBS-GLEAM_FLUH
2023-02-04,wk inc flu hosp,2023-02-04,0.2,quantile,20,10.0,0,MOBS-GLEAM_FLUH
2023-02-04,wk inc flu hosp,2023-02-11,0.2,quantile,20,6.0,1,MOBS-GLEAM_FLUH
2023-02-04,wk inc flu hosp,2023-02-18,0.2,quantile,20,4.0,2,MOBS-GLEAM_FLUH
2023-02-04,wk inc flu hosp,2023-02-25,0.2,quantile,20,3.0,3,MOBS-GLEAM_FLUH
2023-02-04,wk inc flu hosp,2023-02-04,0.25,quantile,20,11.0,0,MOBS-GLEAM_FLUH
2023-02-04,wk inc flu hosp,2023-02-11,0.25,quantile,20,7.0,1,MOBS-GLEAM_FLUH
2023-02-04,wk inc flu hosp,2023-02-18,0.25,quantile,20,5.0,2,MOBS-GLEAM_FLUH
2023-02-04,wk inc flu hosp,2023-02-25,0.25,quantile,20,3.0,3,MOBS-GLEAM_FLUH
2023-02-04,wk inc flu hosp,2023-02-04,0.3,quantile,20,12.0,0,MOBS-GLEAM_FLUH
2023-02-04,wk inc flu hosp,2023-02-11,0.3,quantile,20,8.0,1,MOBS-GLEAM_FLUH
2023-02-04,wk inc flu hosp,2023-02-18,0.3,quantile,20,5.0,2,MOBS-GLEAM_FLUH
2023-02-04,wk inc flu hosp,2023-02-25,0.3,quantile,20,4.0,3,MOBS-GLEAM_FLUH
2023-02-04,wk inc flu hosp,2023-02-04,0.35,quantile,20,13.0,0,MOBS-GLEAM_FLUH
2023-02-04,wk inc flu hosp,2023-02-11,0.35,quantile,20,9.0,1,MOBS-GLEAM_FLUH
2023-02-04,wk inc flu hosp,2023-02-18,0.35,quantile,20,6.0,2,MOBS-GLEAM_FLUH
2023-02-04,wk inc flu hosp,2023-02-25,0.35,quantile,20,4.0,3,MOBS-GLEAM_FLUH
2023-02-04,wk inc flu hosp,2023-02-04,0.4,quantile,20,14.0,0,MOBS-GLEAM_FLUH
2023-02-04,wk inc flu hosp,2023-02-11,0.4,quantile,20,9.0,1,MOBS-GLEAM_FLUH
2023-02-04,wk inc flu hosp,2023-02-18,0.4,quantile,20,6.0,2,MOBS-GLEAM_FLUH
2023-02-04,wk inc flu hosp,2023-02-25,0.4,quantile,20,5.0,3,MOBS-GLEAM_FLUH
2023-02-04,wk inc flu hosp,2023-02-04,0.45,quantile,20,15.0,0,MOBS-GLEAM_FLUH
2023-02-04,wk inc flu hosp,2023-02-11,0.45,quantile,20,10.0,1,MOBS-GLEAM_FLUH
2023-02-04,wk inc flu hosp,2023-02-18,0.45,quantile,20,7.0,2,MOBS-GLEAM_FLUH
2023-02-04,wk inc flu hosp,2023-02-25,0.45,quantile,20,5.0,3,MOBS-GLEAM_FLUH
2023-02-04,wk inc flu hosp,2023-02-04,0.5,quantile,20,16.0,0,MOBS-GLEAM_FLUH
2023-02-04,wk inc flu hosp,2023-02-11,0.5,quantile,20,11.0,1,MOBS-GLEAM_FLUH
2023-02-04,wk inc flu hosp,2023-02-18,0.5,quantile,20,8.0,2,MOBS-GLEAM_FLUH
2023-02-04,wk inc flu hosp,2023-02-25,0.5,quantile,20,5.0,3,MOBS-GLEAM_FLUH
2023-02-04,wk inc flu hosp,2023-02-04,0.55,quantile,20,17.0,0,MOBS-GLEAM_FLUH
2023-02-04,wk inc flu hosp,2023-02-11,0.55,quantile,20,12.0,1,MOBS-GLEAM_FLUH
2023-02-04,wk inc flu hosp,2023-02-18,0.55,quantile,20,8.0,2,MOBS-GLEAM_FLUH
2023-02-04,wk inc flu hosp,2023-02-25,0.55,quantile,20,6.0,3,MOBS-GLEAM_FLUH
2023-02-04,wk inc flu hosp,2023-02-04,0.6,quantile,20,18.0,0,MOBS-GLEAM_FLUH
2023-02-04,wk inc flu hosp,2023-02-11,0.6,quantile,20,12.0,1,MOBS-GLEAM_FLUH
2023-02-04,wk inc flu hosp,2023-02-18,0.6,quantile,20,9.0,2,MOBS-GLEAM_FLUH
2023-02-04,wk inc flu hosp,2023-02-25,0.6,quantile,20,6.0,3,MOBS-GLEAM_FLUH
2023-02-04,wk inc flu hosp,2023-02-04,0.65,quantile,20,19.0,0,MOBS-GLEAM_FLUH
2023-02-04,wk inc flu hosp,2023-02-11,0.65,quantile,20,13.0,1,MOBS-GLEAM_FLUH
2023-02-04,wk inc flu hosp,2023-02-18,0.65,quantile,20,9.0,2,MOBS-GLEAM_FLUH
2023-02-04,wk inc flu hosp,2023-02-25,0.65,quantile,20,7.0,3,MOBS-GLEAM_FLUH
2023-02-04,wk inc flu hosp,2023-02-04,0.7,quantile,20,20.0,0,MOBS-GLEAM_FLUH
2023-02-04,wk inc flu hosp,2023-02-11,0.7,quantile,20,14.0,1,MOBS-GLEAM_FLUH
2023-02-04,wk inc flu hosp,2023-02-18,0.7,quantile,20,10.0,2,MOBS-GLEAM_FLUH
2023-02-04,wk inc flu hosp,2023-02-25,0.7,quantile,20,7.0,3,MOBS-GLEAM_FLUH
2023-02-04,wk inc flu hosp,2023-02-04,0.75,quantile,20,22.0,0,MOBS-GLEAM_FLUH
2023-02-04,wk inc flu hosp,2023-02-11,0.75,quantile,20,15.0,1,MOBS-GLEAM_FLUH
2023-02-04,wk inc flu hosp,2023-02-18,0.75,quantile,20,11.0,2,MOBS-GLEAM_FLUH
2023-02-04,wk inc flu hosp,2023-02-25,0.75,quantile,20,8.0,3,MOBS-GLEAM_FLUH
2023-02-04,wk inc flu hosp,2023-02-04,0.8,quantile,20,24.0,0,MOBS-GLEAM_FLUH
2023-02-04,wk inc flu hosp,2023-02-11,0.8,quantile,20,17.0,1,MOBS-GLEAM_FLUH
2023-02-04,wk inc flu hosp,2023-02-18,0.8,quantile,20,12.0,2,MOBS-GLEAM_FLUH
2023-02-04,wk inc flu hosp,2023-02-25,0.8,quantile,20,9.0,3,MOBS-GLEAM_FLUH
2023-02-04,wk inc flu hosp,2023-02-04,0.85,quantile,20,26.0,0,MOBS-GLEAM_FLUH
2023-02-04,wk inc flu hosp,2023-02-11,0.85,quantile,20,18.0,1,MOBS-GLEAM_FLUH
2023-02-04,wk inc flu hosp,2023-02-18,0.85,quantile,20,13.0,2,MOBS-GLEAM_FLUH
2023-02-04,wk inc flu hosp,2023-02-25,0.85,quantile,20,10.0,3,MOBS-GLEAM_FLUH
2023-02-04,wk inc flu hosp,2023-02-04,0.9,quantile,20,28.0,0,MOBS-GLEAM_FLUH
2023-02-04,wk inc flu hosp,2023-02-11,0.9,quantile,20,20.0,1,MOBS-GLEAM_FLUH
2023-02-04,wk inc flu hosp,2023-02-18,0.9,quantile,20,15.0,2,MOBS-GLEAM_FLUH
2023-02-04,wk inc flu hosp,2023-02-25,0.9,quantile,20,11.0,3,MOBS-GLEAM_FLUH
2023-02-04,wk inc flu hosp,2023-02-04,0.95,quantile,20,33.0,0,MOBS-GLEAM_FLUH
2023-02-04,wk inc flu hosp,2023-02-11,0.95,quantile,20,23.0,1,MOBS-GLEAM_FLUH
2023-02-04,wk inc flu hosp,2023-02-18,0.95,quantile,20,17.0,2,MOBS-GLEAM_FLUH
2023-02-04,wk inc flu hosp,2023-02-25,0.95,quantile,20,13.0,3,MOBS-GLEAM_FLUH
2023-02-04,wk inc flu hosp,2023-02-04,0.975,quantile,20,37.0,0,MOBS-GLEAM_FLUH
2023-02-04,wk inc flu hosp,2023-02-11,0.975,quantile,20,26.0,1,MOBS-GLEAM_FLUH
2023-02-04,wk inc flu hosp,2023-02-18,0.975,quantile,20,19.0,2,MOBS-GLEAM_FLUH
2023-02-04,wk inc flu hosp,2023-02-25,0.975,quantile,20,15.0,3,MOBS-GLEAM_FLUH
2023-02-04,wk inc flu hosp,2023-02-04,0.99,quantile,20,42.0,0,MOBS-GLEAM_FLUH
2023-02-04,wk inc flu hosp,2023-02-11,0.99,quantile,20,30.0,1,MOBS-GLEAM_FLUH
2023-02-04,wk inc flu hosp,2023-02-18,0.99,quantile,20,22.0,2,MOBS-GLEAM_FLUH
2023-02-04,wk inc flu hosp,2023-02-25,0.99,quantile,20,17.0,3,MOBS-GLEAM_FLUH
2023-02-04,wk inc flu hosp,2023-02-04,nan,point,21,12.842566065265988,0,MOBS-GLEAM_FLUH
2023-02-04,wk inc flu hosp,2023-02-11,nan,point,21,9.680844127263368,1,MOBS-GLEAM_FLUH
2023-02-04,wk inc flu hosp,2023-02-18,nan,point,21,7.91218743863694,2,MOBS-GLEAM_FLUH
2023-02-04,wk inc flu hosp,2023-02-25,nan,point,21,7.023923697647059,3,MOBS-GLEAM_FLUH
2023-02-04,wk inc flu hosp,2023-02-04,0.01,quantile,21,6.784398224563603,0,MOBS-GLEAM_FLUH
2023-02-04,wk inc flu hosp,2023-02-11,0.01,quantile,21,6.32719110528044,1,MOBS-GLEAM_FLUH
2023-02-04,wk inc flu hosp,2023-02-18,0.01,quantile,21,6.25,2,MOBS-GLEAM_FLUH
2023-02-04,wk inc flu hosp,2023-02-25,0.01,quantile,21,6.25,3,MOBS-GLEAM_FLUH
2023-02-04,wk inc flu hosp,2023-02-04,0.025,quantile,21,7.125844370901137,0,MOBS-GLEAM_FLUH
2023-02-04,wk inc flu hosp,2023-02-11,0.025,quantile,21,6.485770888530189,1,MOBS-GLEAM_FLUH
2023-02-04,wk inc flu hosp,2023-02-18,0.025,quantile,21,6.255712784520728,2,MOBS-GLEAM_FLUH
2023-02-04,wk inc flu hosp,2023-02-25,0.025,quantile,21,6.25,3,MOBS-GLEAM_FLUH
2023-02-04,wk inc flu hosp,2023-02-04,0.05,quantile,21,7.5322778159925905,0,MOBS-GLEAM_FLUH
2023-02-04,wk inc flu hosp,2023-02-11,0.05,quantile,21,6.704198583169366,1,MOBS-GLEAM_FLUH
2023-02-04,wk inc flu hosp,2023-02-18,0.05,quantile,21,6.3263392330895565,2,MOBS-GLEAM_FLUH
2023-02-04,wk inc flu hosp,2023-02-25,0.05,quantile,21,6.25,3,MOBS-GLEAM_FLUH
2023-02-04,wk inc flu hosp,2023-02-04,0.1,quantile,21,8.149245646049772,0,MOBS-GLEAM_FLUH
2023-02-04,wk inc flu hosp,2023-02-11,0.1,quantile,21,7.024074659785097,1,MOBS-GLEAM_FLUH
2023-02-04,wk inc flu hosp,2023-02-18,0.1,quantile,21,6.48053117670973,2,MOBS-GLEAM_FLUH
2023-02-04,wk inc flu hosp,2023-02-25,0.1,quantile,21,6.263110031956015,3,MOBS-GLEAM_FLUH
2023-02-04,wk inc flu hosp,2023-02-04,0.15,quantile,21,8.72136004454946,0,MOBS-GLEAM_FLUH
2023-02-04,wk inc flu hosp,2023-02-11,0.15,quantile,21,7.338537107460989,1,MOBS-GLEAM_FLUH
2023-02-04,wk inc flu hosp,2023-02-18,0.15,quantile,21,6.649970419914897,2,MOBS-GLEAM_FLUH
2023-02-04,wk inc flu hosp,2023-02-25,0.15,quantile,21,6.3263392330895565,3,MOBS-GLEAM_FLUH
2023-02-04,wk inc flu hosp,2023-02-04,0.2,quantile,21,9.261810662814051,0,MOBS-GLEAM_FLUH
2023-02-04,wk inc flu hosp,2023-02-11,0.2,quantile,21,7.637210963824826,1,MOBS-GLEAM_FLUH
2023-02-04,wk inc flu hosp,2023-02-18,0.2,quantile,21,6.803429351147592,2,MOBS-GLEAM_FLUH
2023-02-04,wk inc flu hosp,2023-02-25,0.2,quantile,21,6.4006415178125335,3,MOBS-GLEAM_FLUH
2023-02-04,wk inc flu hosp,2023-02-04,0.25,quantile,21,9.78369065062043,0,MOBS-GLEAM_FLUH
2023-02-04,wk inc flu hosp,2023-02-11,0.25,quantile,21,7.938696654431426,1,MOBS-GLEAM_FLUH
2023-02-04,wk inc flu hosp,2023-02-18,0.25,quantile,21,6.958442211441238,2,MOBS-GLEAM_FLUH
2023-02-04,wk inc flu hosp,2023-02-25,0.25,quantile,21,6.489597790593465,3,MOBS-GLEAM_FLUH
2023-02-04,wk inc flu hosp,2023-02-04,0.3,quantile,21,10.332777089635313,0,MOBS-GLEAM_FLUH
2023-02-04,wk inc flu hosp,2023-02-11,0.3,quantile,21,8.237214552863227,1,MOBS-GLEAM_FLUH
2023-02-04,wk inc flu hosp,2023-02-18,0.3,quantile,21,7.120987645495737,2,MOBS-GLEAM_FLUH
2023-02-04,wk inc flu hosp,2023-02-25,0.3,quantile,21,6.595699141048666,3,MOBS-GLEAM_FLUH
2023-02-04,wk inc flu hosp,2023-02-04,0.35,quantile,21,10.928072690207486,0,MOBS-GLEAM_FLUH
2023-02-04,wk inc flu hosp,2023-02-11,0.35,quantile,21,8.565867551858153,1,MOBS-GLEAM_FLUH
2023-02-04,wk inc flu hosp,2023-02-18,0.35,quantile,21,7.291074078684974,2,MOBS-GLEAM_FLUH
2023-02-04,wk inc flu hosp,2023-02-25,0.35,quantile,21,6.695738536879238,3,MOBS-GLEAM_FLUH
2023-02-04,wk inc flu hosp,2023-02-04,0.4,quantile,21,11.55325365738758,0,MOBS-GLEAM_FLUH
2023-02-04,wk inc flu hosp,2023-02-11,0.4,quantile,21,8.910247658868766,1,MOBS-GLEAM_FLUH
2023-02-04,wk inc flu hosp,2023-02-18,0.4,quantile,21,7.477348860292566,2,MOBS-GLEAM_FLUH
2023-02-04,wk inc flu hosp,2023-02-25,0.4,quantile,21,6.785874104588404,3,MOBS-GLEAM_FLUH
2023-02-04,wk inc flu hosp,2023-02-04,0.45,quantile,21,12.17787557336366,0,MOBS-GLEAM_FLUH
2023-02-04,wk inc flu hosp,2023-02-11,0.45,quantile,21,9.284733204632252,1,MOBS-GLEAM_FLUH
2023-02-04,wk inc flu hosp,2023-02-18,0.45,quantile,21,7.6864119322093085,2,MOBS-GLEAM_FLUH
2023-02-04,wk inc flu hosp,2023-02-25,0.45,quantile,21,6.896086821844995,3,MOBS-GLEAM_FLUH
2023-02-04,wk inc flu hosp,2023-02-04,0.5,quantile,21,12.842566065265988,0,MOBS-GLEAM_FLUH
2023-02-04,wk inc flu hosp,2023-02-11,0.5,quantile,21,9.680844127263368,1,MOBS-GLEAM_FLUH
2023-02-04,wk inc flu hosp,2023-02-18,0.5,quantile,21,7.91218743863694,2,MOBS-GLEAM_FLUH
2023-02-04,wk inc flu hosp,2023-02-25,0.5,quantile,21,7.023923697647059,3,MOBS-GLEAM_FLUH
2023-02-04,wk inc flu hosp,2023-02-04,0.55,quantile,21,13.58108224866288,0,MOBS-GLEAM_FLUH
2023-02-04,wk inc flu hosp,2023-02-11,0.55,quantile,21,10.129801056787088,1,MOBS-GLEAM_FLUH
2023-02-04,wk inc flu hosp,2023-02-18,0.55,quantile,21,8.15455363386492,2,MOBS-GLEAM_FLUH
2023-02-04,wk inc flu hosp,2023-02-25,0.55,quantile,21,7.167792527084937,3,MOBS-GLEAM_FLUH
2023-02-04,wk inc flu hosp,2023-02-04,0.6,quantile,21,14.366287683273857,0,MOBS-GLEAM_FLUH
2023-02-04,wk inc flu hosp,2023-02-11,0.6,quantile,21,10.602888163161117,1,MOBS-GLEAM_FLUH
2023-02-04,wk inc flu hosp,2023-02-18,0.6,quantile,21,8.438876740192182,2,MOBS-GLEAM_FLUH
2023-02-04,wk inc flu hosp,2023-02-25,0.6,quantile,21,7.315372292472468,3,MOBS-GLEAM_FLUH
2023-02-04,wk inc flu hosp,2023-02-04,0.65,quantile,21,15.217631223436689,0,MOBS-GLEAM_FLUH
2023-02-04,wk inc flu hosp,2023-02-11,0.65,quantile,21,11.1181761039265,1,MOBS-GLEAM_FLUH
2023-02-04,wk inc flu hosp,2023-02-18,0.65,quantile,21,8.75776971022167,2,MOBS-GLEAM_FLUH
2023-02-04,wk inc flu hosp,2023-02-25,0.65,quantile,21,7.493383177203035,3,MOBS-GLEAM_FLUH
2023-02-04,wk inc flu hosp,2023-02-04,0.7,quantile,21,16.186384580458498,0,MOBS-GLEAM_FLUH
2023-02-04,wk inc flu hosp,2023-02-11,0.7,quantile,21,11.734524214324832,1,MOBS-GLEAM_FLUH
2023-02-04,wk inc flu hosp,2023-02-18,0.7,quantile,21,9.1389851266725,2,MOBS-GLEAM_FLUH
2023-02-04,wk inc flu hosp,2023-02-25,0.7,quantile,21,7.7003941553360225,3,MOBS-GLEAM_FLUH
2023-02-04,wk inc flu hosp,2023-02-04,0.75,quantile,21,17.29812225140001,0,MOBS-GLEAM_FLUH
2023-02-04,wk inc flu hosp,2023-02-11,0.75,quantile,21,12.419528765634505,1,MOBS-GLEAM_FLUH
2023-02-04,wk inc flu hosp,2023-02-18,0.75,quantile,21,9.552019396127502,2,MOBS-GLEAM_FLUH
2023-02-04,wk inc flu hosp,2023-02-25,0.75,quantile,21,7.94703377081117,3,MOBS-GLEAM_FLUH
2023-02-04,wk inc flu hosp,2023-02-04,0.8,quantile,21,18.58627915746312,0,MOBS-GLEAM_FLUH
2023-02-04,wk inc flu hosp,2023-02-11,0.8,quantile,21,13.252259550264473,1,MOBS-GLEAM_FLUH
2023-02-04,wk inc flu hosp,2023-02-18,0.8,quantile,21,10.095471104776118,2,MOBS-GLEAM_FLUH
2023-02-04,wk inc flu hosp,2023-02-25,0.8,quantile,21,8.253676121258966,3,MOBS-GLEAM_FLUH
2023-02-04,wk inc flu hosp,2023-02-04,0.85,quantile,21,20.22766549907509,0,MOBS-GLEAM_FLUH
2023-02-04,wk inc flu hosp,2023-02-11,0.85,quantile,21,14.307655615032845,1,MOBS-GLEAM_FLUH
2023-02-04,wk inc flu hosp,2023-02-18,0.85,quantile,21,10.748524949836357,2,MOBS-GLEAM_FLUH
2023-02-04,wk inc flu hosp,2023-02-25,0.85,quantile,21,8.659451547493411,3,MOBS-GLEAM_FLUH
2023-02-04,wk inc flu hosp,2023-02-04,0.9,quantile,21,22.41525334573168,0,MOBS-GLEAM_FLUH
2023-02-04,wk inc flu hosp,2023-02-11,0.9,quantile,21,15.819807276815522,1,MOBS-GLEAM_FLUH
2023-02-04,wk inc flu hosp,2023-02-18,0.9,quantile,21,11.65295176082306,2,MOBS-GLEAM_FLUH
2023-02-04,wk inc flu hosp,2023-02-25,0.9,quantile,21,9.194028764942129,3,MOBS-GLEAM_FLUH
2023-02-04,wk inc flu hosp,2023-02-04,0.95,quantile,21,26.314613867737464,0,MOBS-GLEAM_FLUH
2023-02-04,wk inc flu hosp,2023-02-11,0.95,quantile,21,18.265535755157902,1,MOBS-GLEAM_FLUH
2023-02-04,wk inc flu hosp,2023-02-18,0.95,quantile,21,13.176288928280067,2,MOBS-GLEAM_FLUH
2023-02-04,wk inc flu hosp,2023-02-25,0.95,quantile,21,10.142275351425084,3,MOBS-GLEAM_FLUH
2023-02-04,wk inc flu hosp,2023-02-04,0.975,quantile,21,29.631912749683185,0,MOBS-GLEAM_FLUH
2023-02-04,wk inc flu hosp,2023-02-11,0.975,quantile,21,20.549945020740207,1,MOBS-GLEAM_FLUH
2023-02-04,wk inc flu hosp,2023-02-18,0.975,quantile,21,14.651777224284602,2,MOBS-GLEAM_FLUH
2023-02-04,wk inc flu hosp,2023-02-25,0.975,quantile,21,11.095749558283988,3,MOBS-GLEAM_FLUH
2023-02-04,wk inc flu hosp,2023-02-04,0.99,quantile,21,33.21242047169259,0,MOBS-GLEAM_FLUH
2023-02-04,wk inc flu hosp,2023-02-11,0.99,quantile,21,23.019150402753997,1,MOBS-GLEAM_FLUH
2023-02-04,wk inc flu hosp,2023-02-18,0.99,quantile,21,16.49336843368182,2,MOBS-GLEAM_FLUH
2023-02-04,wk inc flu hosp,2023-02-25,0.99,quantile,21,12.278222043497058,3,MOBS-GLEAM_FLUH
2023-02-04,wk inc flu hosp,2023-02-04,nan,point,22,32.0,0,MOBS-GLEAM_FLUH
2023-02-04,wk inc flu hosp,2023-02-11,nan,point,22,23.0,1,MOBS-GLEAM_FLUH
2023-02-04,wk inc flu hosp,2023-02-18,nan,point,22,16.0,2,MOBS-GLEAM_FLUH
2023-02-04,wk inc flu hosp,2023-02-25,nan,point,22,11.0,3,MOBS-GLEAM_FLUH
2023-02-04,wk inc flu hosp,2023-02-04,0.01,quantile,22,7.0,0,MOBS-GLEAM_FLUH
2023-02-04,wk inc flu hosp,2023-02-11,0.01,quantile,22,5.0,1,MOBS-GLEAM_FLUH
2023-02-04,wk inc flu hosp,2023-02-18,0.01,quantile,22,3.0,2,MOBS-GLEAM_FLUH
2023-02-04,wk inc flu hosp,2023-02-25,0.01,quantile,22,2.0,3,MOBS-GLEAM_FLUH
2023-02-04,wk inc flu hosp,2023-02-04,0.025,quantile,22,10.0,0,MOBS-GLEAM_FLUH
2023-02-04,wk inc flu hosp,2023-02-11,0.025,quantile,22,6.0,1,MOBS-GLEAM_FLUH
2023-02-04,wk inc flu hosp,2023-02-18,0.025,quantile,22,4.0,2,MOBS-GLEAM_FLUH
2023-02-04,wk inc flu hosp,2023-02-25,0.025,quantile,22,3.0,3,MOBS-GLEAM_FLUH
2023-02-04,wk inc flu hosp,2023-02-04,0.05,quantile,22,12.0,0,MOBS-GLEAM_FLUH
2023-02-04,wk inc flu hosp,2023-02-11,0.05,quantile,22,8.0,1,MOBS-GLEAM_FLUH
2023-02-04,wk inc flu hosp,2023-02-18,0.05,quantile,22,6.0,2,MOBS-GLEAM_FLUH
2023-02-04,wk inc flu hosp,2023-02-25,0.05,quantile,22,4.0,3,MOBS-GLEAM_FLUH
2023-02-04,wk inc flu hosp,2023-02-04,0.1,quantile,22,16.0,0,MOBS-GLEAM_FLUH
2023-02-04,wk inc flu hosp,2023-02-11,0.1,quantile,22,11.0,1,MOBS-GLEAM_FLUH
2023-02-04,wk inc flu hosp,2023-02-18,0.1,quantile,22,7.0,2,MOBS-GLEAM_FLUH
2023-02-04,wk inc flu hosp,2023-02-25,0.1,quantile,22,5.0,3,MOBS-GLEAM_FLUH
2023-02-04,wk inc flu hosp,2023-02-04,0.15,quantile,22,18.0,0,MOBS-GLEAM_FLUH
2023-02-04,wk inc flu hosp,2023-02-11,0.15,quantile,22,13.0,1,MOBS-GLEAM_FLUH
2023-02-04,wk inc flu hosp,2023-02-18,0.15,quantile,22,9.0,2,MOBS-GLEAM_FLUH
2023-02-04,wk inc flu hosp,2023-02-25,0.15,quantile,22,6.0,3,MOBS-GLEAM_FLUH
2023-02-04,wk inc flu hosp,2023-02-04,0.2,quantile,22,20.0,0,MOBS-GLEAM_FLUH
2023-02-04,wk inc flu hosp,2023-02-11,0.2,quantile,22,14.0,1,MOBS-GLEAM_FLUH
2023-02-04,wk inc flu hosp,2023-02-18,0.2,quantile,22,10.0,2,MOBS-GLEAM_FLUH
2023-02-04,wk inc flu hosp,2023-02-25,0.2,quantile,22,7.0,3,MOBS-GLEAM_FLUH
2023-02-04,wk inc flu hosp,2023-02-04,0.25,quantile,22,22.0,0,MOBS-GLEAM_FLUH
2023-02-04,wk inc flu hosp,2023-02-11,0.25,quantile,22,16.0,1,MOBS-GLEAM_FLUH
2023-02-04,wk inc flu hosp,2023-02-18,0.25,quantile,22,11.0,2,MOBS-GLEAM_FLUH
2023-02-04,wk inc flu hosp,2023-02-25,0.25,quantile,22,8.0,3,MOBS-GLEAM_FLUH
2023-02-04,wk inc flu hosp,2023-02-04,0.3,quantile,22,24.0,0,MOBS-GLEAM_FLUH
2023-02-04,wk inc flu hosp,2023-02-11,0.3,quantile,22,17.0,1,MOBS-GLEAM_FLUH
2023-02-04,wk inc flu hosp,2023-02-18,0.3,quantile,22,12.0,2,MOBS-GLEAM_FLUH
2023-02-04,wk inc flu hosp,2023-02-25,0.3,quantile,22,8.0,3,MOBS-GLEAM_FLUH
2023-02-04,wk inc flu hosp,2023-02-04,0.35,quantile,22,26.0,0,MOBS-GLEAM_FLUH
2023-02-04,wk inc flu hosp,2023-02-11,0.35,quantile,22,19.0,1,MOBS-GLEAM_FLUH
2023-02-04,wk inc flu hosp,2023-02-18,0.35,quantile,22,13.0,2,MOBS-GLEAM_FLUH
2023-02-04,wk inc flu hosp,2023-02-25,0.35,quantile,22,9.0,3,MOBS-GLEAM_FLUH
2023-02-04,wk inc flu hosp,2023-02-04,0.4,quantile,22,28.0,0,MOBS-GLEAM_FLUH
2023-02-04,wk inc flu hosp,2023-02-11,0.4,quantile,22,20.0,1,MOBS-GLEAM_FLUH
2023-02-04,wk inc flu hosp,2023-02-18,0.4,quantile,22,14.0,2,MOBS-GLEAM_FLUH
2023-02-04,wk inc flu hosp,2023-02-25,0.4,quantile,22,10.0,3,MOBS-GLEAM_FLUH
2023-02-04,wk inc flu hosp,2023-02-04,0.45,quantile,22,30.0,0,MOBS-GLEAM_FLUH
2023-02-04,wk inc flu hosp,2023-02-11,0.45,quantile,22,22.0,1,MOBS-GLEAM_FLUH
2023-02-04,wk inc flu hosp,2023-02-18,0.45,quantile,22,15.0,2,MOBS-GLEAM_FLUH
2023-02-04,wk inc flu hosp,2023-02-25,0.45,quantile,22,11.0,3,MOBS-GLEAM_FLUH
2023-02-04,wk inc flu hosp,2023-02-04,0.5,quantile,22,32.0,0,MOBS-GLEAM_FLUH
2023-02-04,wk inc flu hosp,2023-02-11,0.5,quantile,22,23.0,1,MOBS-GLEAM_FLUH
2023-02-04,wk inc flu hosp,2023-02-18,0.5,quantile,22,16.0,2,MOBS-GLEAM_FLUH
2023-02-04,wk inc flu hosp,2023-02-25,0.5,quantile,22,11.0,3,MOBS-GLEAM_FLUH
2023-02-04,wk inc flu hosp,2023-02-04,0.55,quantile,22,34.0,0,MOBS-GLEAM_FLUH
2023-02-04,wk inc flu hosp,2023-02-11,0.55,quantile,22,24.0,1,MOBS-GLEAM_FLUH
2023-02-04,wk inc flu hosp,2023-02-18,0.55,quantile,22,17.0,2,MOBS-GLEAM_FLUH
2023-02-04,wk inc flu hosp,2023-02-25,0.55,quantile,22,12.0,3,MOBS-GLEAM_FLUH
2023-02-04,wk inc flu hosp,2023-02-04,0.6,quantile,22,36.0,0,MOBS-GLEAM_FLUH
2023-02-04,wk inc flu hosp,2023-02-11,0.6,quantile,22,26.0,1,MOBS-GLEAM_FLUH
2023-02-04,wk inc flu hosp,2023-02-18,0.6,quantile,22,19.0,2,MOBS-GLEAM_FLUH
2023-02-04,wk inc flu hosp,2023-02-25,0.6,quantile,22,13.0,3,MOBS-GLEAM_FLUH
2023-02-04,wk inc flu hosp,2023-02-04,0.65,quantile,22,39.0,0,MOBS-GLEAM_FLUH
2023-02-04,wk inc flu hosp,2023-02-11,0.65,quantile,22,28.0,1,MOBS-GLEAM_FLUH
2023-02-04,wk inc flu hosp,2023-02-18,0.65,quantile,22,20.0,2,MOBS-GLEAM_FLUH
2023-02-04,wk inc flu hosp,2023-02-25,0.65,quantile,22,14.0,3,MOBS-GLEAM_FLUH
2023-02-04,wk inc flu hosp,2023-02-04,0.7,quantile,22,41.0,0,MOBS-GLEAM_FLUH
2023-02-04,wk inc flu hosp,2023-02-11,0.7,quantile,22,30.0,1,MOBS-GLEAM_FLUH
2023-02-04,wk inc flu hosp,2023-02-18,0.7,quantile,22,21.0,2,MOBS-GLEAM_FLUH
2023-02-04,wk inc flu hosp,2023-02-25,0.7,quantile,22,15.0,3,MOBS-GLEAM_FLUH
2023-02-04,wk inc flu hosp,2023-02-04,0.75,quantile,22,44.0,0,MOBS-GLEAM_FLUH
2023-02-04,wk inc flu hosp,2023-02-11,0.75,quantile,22,32.0,1,MOBS-GLEAM_FLUH
2023-02-04,wk inc flu hosp,2023-02-18,0.75,quantile,22,23.0,2,MOBS-GLEAM_FLUH
2023-02-04,wk inc flu hosp,2023-02-25,0.75,quantile,22,16.0,3,MOBS-GLEAM_FLUH
2023-02-04,wk inc flu hosp,2023-02-04,0.8,quantile,22,47.0,0,MOBS-GLEAM_FLUH
2023-02-04,wk inc flu hosp,2023-02-11,0.8,quantile,22,34.0,1,MOBS-GLEAM_FLUH
2023-02-04,wk inc flu hosp,2023-02-18,0.8,quantile,22,25.0,2,MOBS-GLEAM_FLUH
2023-02-04,wk inc flu hosp,2023-02-25,0.8,quantile,22,18.0,3,MOBS-GLEAM_FLUH
2023-02-04,wk inc flu hosp,2023-02-04,0.85,quantile,22,51.0,0,MOBS-GLEAM_FLUH
2023-02-04,wk inc flu hosp,2023-02-11,0.85,quantile,22,37.0,1,MOBS-GLEAM_FLUH
2023-02-04,wk inc flu hosp,2023-02-18,0.85,quantile,22,27.0,2,MOBS-GLEAM_FLUH
2023-02-04,wk inc flu hosp,2023-02-25,0.85,quantile,22,19.0,3,MOBS-GLEAM_FLUH
2023-02-04,wk inc flu hosp,2023-02-04,0.9,quantile,22,57.0,0,MOBS-GLEAM_FLUH
2023-02-04,wk inc flu hosp,2023-02-11,0.9,quantile,22,41.0,1,MOBS-GLEAM_FLUH
2023-02-04,wk inc flu hosp,2023-02-18,0.9,quantile,22,30.0,2,MOBS-GLEAM_FLUH
2023-02-04,wk inc flu hosp,2023-02-25,0.9,quantile,22,21.0,3,MOBS-GLEAM_FLUH
2023-02-04,wk inc flu hosp,2023-02-04,0.95,quantile,22,65.0,0,MOBS-GLEAM_FLUH
2023-02-04,wk inc flu hosp,2023-02-11,0.95,quantile,22,47.0,1,MOBS-GLEAM_FLUH
2023-02-04,wk inc flu hosp,2023-02-18,0.95,quantile,22,34.0,2,MOBS-GLEAM_FLUH
2023-02-04,wk inc flu hosp,2023-02-25,0.95,quantile,22,25.0,3,MOBS-GLEAM_FLUH
2023-02-04,wk inc flu hosp,2023-02-04,0.975,quantile,22,73.0,0,MOBS-GLEAM_FLUH
2023-02-04,wk inc flu hosp,2023-02-11,0.975,quantile,22,53.0,1,MOBS-GLEAM_FLUH
2023-02-04,wk inc flu hosp,2023-02-18,0.975,quantile,22,39.0,2,MOBS-GLEAM_FLUH
2023-02-04,wk inc flu hosp,2023-02-25,0.975,quantile,22,28.0,3,MOBS-GLEAM_FLUH
2023-02-04,wk inc flu hosp,2023-02-04,0.99,quantile,22,83.0,0,MOBS-GLEAM_FLUH
2023-02-04,wk inc flu hosp,2023-02-11,0.99,quantile,22,61.0,1,MOBS-GLEAM_FLUH
2023-02-04,wk inc flu hosp,2023-02-18,0.99,quantile,22,44.0,2,MOBS-GLEAM_FLUH
2023-02-04,wk inc flu hosp,2023-02-25,0.99,quantile,22,32.0,3,MOBS-GLEAM_FLUH
2023-02-04,wk inc flu hosp,2023-02-04,nan,point,23,7.0,0,MOBS-GLEAM_FLUH
2023-02-04,wk inc flu hosp,2023-02-11,nan,point,23,4.0,1,MOBS-GLEAM_FLUH
2023-02-04,wk inc flu hosp,2023-02-18,nan,point,23,2.0,2,MOBS-GLEAM_FLUH
2023-02-04,wk inc flu hosp,2023-02-25,nan,point,23,1.0,3,MOBS-GLEAM_FLUH
2023-02-04,wk inc flu hosp,2023-02-04,0.01,quantile,23,1.0,0,MOBS-GLEAM_FLUH
2023-02-04,wk inc flu hosp,2023-02-11,0.01,quantile,23,0.0,1,MOBS-GLEAM_FLUH
2023-02-04,wk inc flu hosp,2023-02-18,0.01,quantile,23,0.0,2,MOBS-GLEAM_FLUH
2023-02-04,wk inc flu hosp,2023-02-25,0.01,quantile,23,0.0,3,MOBS-GLEAM_FLUH
2023-02-04,wk inc flu hosp,2023-02-04,0.025,quantile,23,1.0,0,MOBS-GLEAM_FLUH
2023-02-04,wk inc flu hosp,2023-02-11,0.025,quantile,23,0.0,1,MOBS-GLEAM_FLUH
2023-02-04,wk inc flu hosp,2023-02-18,0.025,quantile,23,0.0,2,MOBS-GLEAM_FLUH
2023-02-04,wk inc flu hosp,2023-02-25,0.025,quantile,23,0.0,3,MOBS-GLEAM_FLUH
2023-02-04,wk inc flu hosp,2023-02-04,0.05,quantile,23,2.0,0,MOBS-GLEAM_FLUH
2023-02-04,wk inc flu hosp,2023-02-11,0.05,quantile,23,0.0,1,MOBS-GLEAM_FLUH
2023-02-04,wk inc flu hosp,2023-02-18,0.05,quantile,23,0.0,2,MOBS-GLEAM_FLUH
2023-02-04,wk inc flu hosp,2023-02-25,0.05,quantile,23,0.0,3,MOBS-GLEAM_FLUH
2023-02-04,wk inc flu hosp,2023-02-04,0.1,quantile,23,3.0,0,MOBS-GLEAM_FLUH
2023-02-04,wk inc flu hosp,2023-02-11,0.1,quantile,23,1.0,1,MOBS-GLEAM_FLUH
2023-02-04,wk inc flu hosp,2023-02-18,0.1,quantile,23,0.0,2,MOBS-GLEAM_FLUH
2023-02-04,wk inc flu hosp,2023-02-25,0.1,quantile,23,0.0,3,MOBS-GLEAM_FLUH
2023-02-04,wk inc flu hosp,2023-02-04,0.15,quantile,23,3.0,0,MOBS-GLEAM_FLUH
2023-02-04,wk inc flu hosp,2023-02-11,0.15,quantile,23,1.0,1,MOBS-GLEAM_FLUH
2023-02-04,wk inc flu hosp,2023-02-18,0.15,quantile,23,0.0,2,MOBS-GLEAM_FLUH
2023-02-04,wk inc flu hosp,2023-02-25,0.15,quantile,23,0.0,3,MOBS-GLEAM_FLUH
2023-02-04,wk inc flu hosp,2023-02-04,0.2,quantile,23,4.0,0,MOBS-GLEAM_FLUH
2023-02-04,wk inc flu hosp,2023-02-11,0.2,quantile,23,2.0,1,MOBS-GLEAM_FLUH
2023-02-04,wk inc flu hosp,2023-02-18,0.2,quantile,23,1.0,2,MOBS-GLEAM_FLUH
2023-02-04,wk inc flu hosp,2023-02-25,0.2,quantile,23,0.0,3,MOBS-GLEAM_FLUH
2023-02-04,wk inc flu hosp,2023-02-04,0.25,quantile,23,4.0,0,MOBS-GLEAM_FLUH
2023-02-04,wk inc flu hosp,2023-02-11,0.25,quantile,23,2.0,1,MOBS-GLEAM_FLUH
2023-02-04,wk inc flu hosp,2023-02-18,0.25,quantile,23,1.0,2,MOBS-GLEAM_FLUH
2023-02-04,wk inc flu hosp,2023-02-25,0.25,quantile,23,0.0,3,MOBS-GLEAM_FLUH
2023-02-04,wk inc flu hosp,2023-02-04,0.3,quantile,23,5.0,0,MOBS-GLEAM_FLUH
2023-02-04,wk inc flu hosp,2023-02-11,0.3,quantile,23,2.0,1,MOBS-GLEAM_FLUH
2023-02-04,wk inc flu hosp,2023-02-18,0.3,quantile,23,1.0,2,MOBS-GLEAM_FLUH
2023-02-04,wk inc flu hosp,2023-02-25,0.3,quantile,23,1.0,3,MOBS-GLEAM_FLUH
2023-02-04,wk inc flu hosp,2023-02-04,0.35,quantile,23,5.0,0,MOBS-GLEAM_FLUH
2023-02-04,wk inc flu hosp,2023-02-11,0.35,quantile,23,3.0,1,MOBS-GLEAM_FLUH
2023-02-04,wk inc flu hosp,2023-02-18,0.35,quantile,23,1.0,2,MOBS-GLEAM_FLUH
2023-02-04,wk inc flu hosp,2023-02-25,0.35,quantile,23,1.0,3,MOBS-GLEAM_FLUH
2023-02-04,wk inc flu hosp,2023-02-04,0.4,quantile,23,6.0,0,MOBS-GLEAM_FLUH
2023-02-04,wk inc flu hosp,2023-02-11,0.4,quantile,23,3.0,1,MOBS-GLEAM_FLUH
2023-02-04,wk inc flu hosp,2023-02-18,0.4,quantile,23,2.0,2,MOBS-GLEAM_FLUH
2023-02-04,wk inc flu hosp,2023-02-25,0.4,quantile,23,1.0,3,MOBS-GLEAM_FLUH
2023-02-04,wk inc flu hosp,2023-02-04,0.45,quantile,23,6.0,0,MOBS-GLEAM_FLUH
2023-02-04,wk inc flu hosp,2023-02-11,0.45,quantile,23,3.0,1,MOBS-GLEAM_FLUH
2023-02-04,wk inc flu hosp,2023-02-18,0.45,quantile,23,2.0,2,MOBS-GLEAM_FLUH
2023-02-04,wk inc flu hosp,2023-02-25,0.45,quantile,23,1.0,3,MOBS-GLEAM_FLUH
2023-02-04,wk inc flu hosp,2023-02-04,0.5,quantile,23,7.0,0,MOBS-GLEAM_FLUH
2023-02-04,wk inc flu hosp,2023-02-11,0.5,quantile,23,4.0,1,MOBS-GLEAM_FLUH
2023-02-04,wk inc flu hosp,2023-02-18,0.5,quantile,23,2.0,2,MOBS-GLEAM_FLUH
2023-02-04,wk inc flu hosp,2023-02-25,0.5,quantile,23,1.0,3,MOBS-GLEAM_FLUH
2023-02-04,wk inc flu hosp,2023-02-04,0.55,quantile,23,8.0,0,MOBS-GLEAM_FLUH
2023-02-04,wk inc flu hosp,2023-02-11,0.55,quantile,23,4.0,1,MOBS-GLEAM_FLUH
2023-02-04,wk inc flu hosp,2023-02-18,0.55,quantile,23,2.0,2,MOBS-GLEAM_FLUH
2023-02-04,wk inc flu hosp,2023-02-25,0.55,quantile,23,1.0,3,MOBS-GLEAM_FLUH
2023-02-04,wk inc flu hosp,2023-02-04,0.6,quantile,23,8.0,0,MOBS-GLEAM_FLUH
2023-02-04,wk inc flu hosp,2023-02-11,0.6,quantile,23,4.0,1,MOBS-GLEAM_FLUH
2023-02-04,wk inc flu hosp,2023-02-18,0.6,quantile,23,2.0,2,MOBS-GLEAM_FLUH
2023-02-04,wk inc flu hosp,2023-02-25,0.6,quantile,23,2.0,3,MOBS-GLEAM_FLUH
2023-02-04,wk inc flu hosp,2023-02-04,0.65,quantile,23,9.0,0,MOBS-GLEAM_FLUH
2023-02-04,wk inc flu hosp,2023-02-11,0.65,quantile,23,5.0,1,MOBS-GLEAM_FLUH
2023-02-04,wk inc flu hosp,2023-02-18,0.65,quantile,23,3.0,2,MOBS-GLEAM_FLUH
2023-02-04,wk inc flu hosp,2023-02-25,0.65,quantile,23,2.0,3,MOBS-GLEAM_FLUH
2023-02-04,wk inc flu hosp,2023-02-04,0.7,quantile,23,9.0,0,MOBS-GLEAM_FLUH
2023-02-04,wk inc flu hosp,2023-02-11,0.7,quantile,23,5.0,1,MOBS-GLEAM_FLUH
2023-02-04,wk inc flu hosp,2023-02-18,0.7,quantile,23,3.0,2,MOBS-GLEAM_FLUH
2023-02-04,wk inc flu hosp,2023-02-25,0.7,quantile,23,2.0,3,MOBS-GLEAM_FLUH
2023-02-04,wk inc flu hosp,2023-02-04,0.75,quantile,23,10.0,0,MOBS-GLEAM_FLUH
2023-02-04,wk inc flu hosp,2023-02-11,0.75,quantile,23,6.0,1,MOBS-GLEAM_FLUH
2023-02-04,wk inc flu hosp,2023-02-18,0.75,quantile,23,3.0,2,MOBS-GLEAM_FLUH
2023-02-04,wk inc flu hosp,2023-02-25,0.75,quantile,23,2.0,3,MOBS-GLEAM_FLUH
2023-02-04,wk inc flu hosp,2023-02-04,0.8,quantile,23,11.0,0,MOBS-GLEAM_FLUH
2023-02-04,wk inc flu hosp,2023-02-11,0.8,quantile,23,6.0,1,MOBS-GLEAM_FLUH
2023-02-04,wk inc flu hosp,2023-02-18,0.8,quantile,23,4.0,2,MOBS-GLEAM_FLUH
2023-02-04,wk inc flu hosp,2023-02-25,0.8,quantile,23,2.0,3,MOBS-GLEAM_FLUH
2023-02-04,wk inc flu hosp,2023-02-04,0.85,quantile,23,12.0,0,MOBS-GLEAM_FLUH
2023-02-04,wk inc flu hosp,2023-02-11,0.85,quantile,23,7.0,1,MOBS-GLEAM_FLUH
2023-02-04,wk inc flu hosp,2023-02-18,0.85,quantile,23,4.0,2,MOBS-GLEAM_FLUH
2023-02-04,wk inc flu hosp,2023-02-25,0.85,quantile,23,3.0,3,MOBS-GLEAM_FLUH
2023-02-04,wk inc flu hosp,2023-02-04,0.9,quantile,23,14.0,0,MOBS-GLEAM_FLUH
2023-02-04,wk inc flu hosp,2023-02-11,0.9,quantile,23,8.0,1,MOBS-GLEAM_FLUH
2023-02-04,wk inc flu hosp,2023-02-18,0.9,quantile,23,5.0,2,MOBS-GLEAM_FLUH
2023-02-04,wk inc flu hosp,2023-02-25,0.9,quantile,23,3.0,3,MOBS-GLEAM_FLUH
2023-02-04,wk inc flu hosp,2023-02-04,0.95,quantile,23,16.0,0,MOBS-GLEAM_FLUH
2023-02-04,wk inc flu hosp,2023-02-11,0.95,quantile,23,9.0,1,MOBS-GLEAM_FLUH
2023-02-04,wk inc flu hosp,2023-02-18,0.95,quantile,23,6.0,2,MOBS-GLEAM_FLUH
2023-02-04,wk inc flu hosp,2023-02-25,0.95,quantile,23,4.0,3,MOBS-GLEAM_FLUH
2023-02-04,wk inc flu hosp,2023-02-04,0.975,quantile,23,18.0,0,MOBS-GLEAM_FLUH
2023-02-04,wk inc flu hosp,2023-02-11,0.975,quantile,23,10.0,1,MOBS-GLEAM_FLUH
2023-02-04,wk inc flu hosp,2023-02-18,0.975,quantile,23,7.0,2,MOBS-GLEAM_FLUH
2023-02-04,wk inc flu hosp,2023-02-25,0.975,quantile,23,5.0,3,MOBS-GLEAM_FLUH
2023-02-04,wk inc flu hosp,2023-02-04,0.99,quantile,23,21.0,0,MOBS-GLEAM_FLUH
2023-02-04,wk inc flu hosp,2023-02-11,0.99,quantile,23,12.0,1,MOBS-GLEAM_FLUH
2023-02-04,wk inc flu hosp,2023-02-18,0.99,quantile,23,8.0,2,MOBS-GLEAM_FLUH
2023-02-04,wk inc flu hosp,2023-02-25,0.99,quantile,23,6.0,3,MOBS-GLEAM_FLUH
2023-02-04,wk inc flu hosp,2023-02-04,nan,point,24,24.0,0,MOBS-GLEAM_FLUH
2023-02-04,wk inc flu hosp,2023-02-11,nan,point,24,15.0,1,MOBS-GLEAM_FLUH
2023-02-04,wk inc flu hosp,2023-02-18,nan,point,24,10.0,2,MOBS-GLEAM_FLUH
2023-02-04,wk inc flu hosp,2023-02-25,nan,point,24,7.0,3,MOBS-GLEAM_FLUH
2023-02-04,wk inc flu hosp,2023-02-04,0.01,quantile,24,5.0,0,MOBS-GLEAM_FLUH
2023-02-04,wk inc flu hosp,2023-02-11,0.01,quantile,24,3.0,1,MOBS-GLEAM_FLUH
2023-02-04,wk inc flu hosp,2023-02-18,0.01,quantile,24,1.0,2,MOBS-GLEAM_FLUH
2023-02-04,wk inc flu hosp,2023-02-25,0.01,quantile,24,1.0,3,MOBS-GLEAM_FLUH
2023-02-04,wk inc flu hosp,2023-02-04,0.025,quantile,24,7.0,0,MOBS-GLEAM_FLUH
2023-02-04,wk inc flu hosp,2023-02-11,0.025,quantile,24,4.0,1,MOBS-GLEAM_FLUH
2023-02-04,wk inc flu hosp,2023-02-18,0.025,quantile,24,2.0,2,MOBS-GLEAM_FLUH
2023-02-04,wk inc flu hosp,2023-02-25,0.025,quantile,24,1.0,3,MOBS-GLEAM_FLUH
2023-02-04,wk inc flu hosp,2023-02-04,0.05,quantile,24,9.0,0,MOBS-GLEAM_FLUH
2023-02-04,wk inc flu hosp,2023-02-11,0.05,quantile,24,5.0,1,MOBS-GLEAM_FLUH
2023-02-04,wk inc flu hosp,2023-02-18,0.05,quantile,24,3.0,2,MOBS-GLEAM_FLUH
2023-02-04,wk inc flu hosp,2023-02-25,0.05,quantile,24,2.0,3,MOBS-GLEAM_FLUH
2023-02-04,wk inc flu hosp,2023-02-04,0.1,quantile,24,11.0,0,MOBS-GLEAM_FLUH
2023-02-04,wk inc flu hosp,2023-02-11,0.1,quantile,24,7.0,1,MOBS-GLEAM_FLUH
2023-02-04,wk inc flu hosp,2023-02-18,0.1,quantile,24,4.0,2,MOBS-GLEAM_FLUH
2023-02-04,wk inc flu hosp,2023-02-25,0.1,quantile,24,3.0,3,MOBS-GLEAM_FLUH
2023-02-04,wk inc flu hosp,2023-02-04,0.15,quantile,24,13.0,0,MOBS-GLEAM_FLUH
2023-02-04,wk inc flu hosp,2023-02-11,0.15,quantile,24,8.0,1,MOBS-GLEAM_FLUH
2023-02-04,wk inc flu hosp,2023-02-18,0.15,quantile,24,5.0,2,MOBS-GLEAM_FLUH
2023-02-04,wk inc flu hosp,2023-02-25,0.15,quantile,24,3.0,3,MOBS-GLEAM_FLUH
2023-02-04,wk inc flu hosp,2023-02-04,0.2,quantile,24,15.0,0,MOBS-GLEAM_FLUH
2023-02-04,wk inc flu hosp,2023-02-11,0.2,quantile,24,9.0,1,MOBS-GLEAM_FLUH
2023-02-04,wk inc flu hosp,2023-02-18,0.2,quantile,24,6.0,2,MOBS-GLEAM_FLUH
2023-02-04,wk inc flu hosp,2023-02-25,0.2,quantile,24,4.0,3,MOBS-GLEAM_FLUH
2023-02-04,wk inc flu hosp,2023-02-04,0.25,quantile,24,16.0,0,MOBS-GLEAM_FLUH
2023-02-04,wk inc flu hosp,2023-02-11,0.25,quantile,24,10.0,1,MOBS-GLEAM_FLUH
2023-02-04,wk inc flu hosp,2023-02-18,0.25,quantile,24,6.0,2,MOBS-GLEAM_FLUH
2023-02-04,wk inc flu hosp,2023-02-25,0.25,quantile,24,4.0,3,MOBS-GLEAM_FLUH
2023-02-04,wk inc flu hosp,2023-02-04,0.3,quantile,24,18.0,0,MOBS-GLEAM_FLUH
2023-02-04,wk inc flu hosp,2023-02-11,0.3,quantile,24,11.0,1,MOBS-GLEAM_FLUH
2023-02-04,wk inc flu hosp,2023-02-18,0.3,quantile,24,7.0,2,MOBS-GLEAM_FLUH
2023-02-04,wk inc flu hosp,2023-02-25,0.3,quantile,24,5.0,3,MOBS-GLEAM_FLUH
2023-02-04,wk inc flu hosp,2023-02-04,0.35,quantile,24,19.0,0,MOBS-GLEAM_FLUH
2023-02-04,wk inc flu hosp,2023-02-11,0.35,quantile,24,12.0,1,MOBS-GLEAM_FLUH
2023-02-04,wk inc flu hosp,2023-02-18,0.35,quantile,24,8.0,2,MOBS-GLEAM_FLUH
2023-02-04,wk inc flu hosp,2023-02-25,0.35,quantile,24,5.0,3,MOBS-GLEAM_FLUH
2023-02-04,wk inc flu hosp,2023-02-04,0.4,quantile,24,21.0,0,MOBS-GLEAM_FLUH
2023-02-04,wk inc flu hosp,2023-02-11,0.4,quantile,24,13.0,1,MOBS-GLEAM_FLUH
2023-02-04,wk inc flu hosp,2023-02-18,0.4,quantile,24,8.0,2,MOBS-GLEAM_FLUH
2023-02-04,wk inc flu hosp,2023-02-25,0.4,quantile,24,6.0,3,MOBS-GLEAM_FLUH
2023-02-04,wk inc flu hosp,2023-02-04,0.45,quantile,24,22.0,0,MOBS-GLEAM_FLUH
2023-02-04,wk inc flu hosp,2023-02-11,0.45,quantile,24,14.0,1,MOBS-GLEAM_FLUH
2023-02-04,wk inc flu hosp,2023-02-18,0.45,quantile,24,9.0,2,MOBS-GLEAM_FLUH
2023-02-04,wk inc flu hosp,2023-02-25,0.45,quantile,24,6.0,3,MOBS-GLEAM_FLUH
2023-02-04,wk inc flu hosp,2023-02-04,0.5,quantile,24,24.0,0,MOBS-GLEAM_FLUH
2023-02-04,wk inc flu hosp,2023-02-11,0.5,quantile,24,15.0,1,MOBS-GLEAM_FLUH
2023-02-04,wk inc flu hosp,2023-02-18,0.5,quantile,24,10.0,2,MOBS-GLEAM_FLUH
2023-02-04,wk inc flu hosp,2023-02-25,0.5,quantile,24,7.0,3,MOBS-GLEAM_FLUH
2023-02-04,wk inc flu hosp,2023-02-04,0.55,quantile,24,25.0,0,MOBS-GLEAM_FLUH
2023-02-04,wk inc flu hosp,2023-02-11,0.55,quantile,24,16.0,1,MOBS-GLEAM_FLUH
2023-02-04,wk inc flu hosp,2023-02-18,0.55,quantile,24,10.0,2,MOBS-GLEAM_FLUH
2023-02-04,wk inc flu hosp,2023-02-25,0.55,quantile,24,8.0,3,MOBS-GLEAM_FLUH
2023-02-04,wk inc flu hosp,2023-02-04,0.6,quantile,24,27.0,0,MOBS-GLEAM_FLUH
2023-02-04,wk inc flu hosp,2023-02-11,0.6,quantile,24,17.0,1,MOBS-GLEAM_FLUH
2023-02-04,wk inc flu hosp,2023-02-18,0.6,quantile,24,11.0,2,MOBS-GLEAM_FLUH
2023-02-04,wk inc flu hosp,2023-02-25,0.6,quantile,24,8.0,3,MOBS-GLEAM_FLUH
2023-02-04,wk inc flu hosp,2023-02-04,0.65,quantile,24,28.0,0,MOBS-GLEAM_FLUH
2023-02-04,wk inc flu hosp,2023-02-11,0.65,quantile,24,18.0,1,MOBS-GLEAM_FLUH
2023-02-04,wk inc flu hosp,2023-02-18,0.65,quantile,24,12.0,2,MOBS-GLEAM_FLUH
2023-02-04,wk inc flu hosp,2023-02-25,0.65,quantile,24,9.0,3,MOBS-GLEAM_FLUH
2023-02-04,wk inc flu hosp,2023-02-04,0.7,quantile,24,30.0,0,MOBS-GLEAM_FLUH
2023-02-04,wk inc flu hosp,2023-02-11,0.7,quantile,24,19.0,1,MOBS-GLEAM_FLUH
2023-02-04,wk inc flu hosp,2023-02-18,0.7,quantile,24,13.0,2,MOBS-GLEAM_FLUH
2023-02-04,wk inc flu hosp,2023-02-25,0.7,quantile,24,9.0,3,MOBS-GLEAM_FLUH
2023-02-04,wk inc flu hosp,2023-02-04,0.75,quantile,24,32.0,0,MOBS-GLEAM_FLUH
2023-02-04,wk inc flu hosp,2023-02-11,0.75,quantile,24,21.0,1,MOBS-GLEAM_FLUH
2023-02-04,wk inc flu hosp,2023-02-18,0.75,quantile,24,14.0,2,MOBS-GLEAM_FLUH
2023-02-04,wk inc flu hosp,2023-02-25,0.75,quantile,24,10.0,3,MOBS-GLEAM_FLUH
2023-02-04,wk inc flu hosp,2023-02-04,0.8,quantile,24,35.0,0,MOBS-GLEAM_FLUH
2023-02-04,wk inc flu hosp,2023-02-11,0.8,quantile,24,23.0,1,MOBS-GLEAM_FLUH
2023-02-04,wk inc flu hosp,2023-02-18,0.8,quantile,24,15.0,2,MOBS-GLEAM_FLUH
2023-02-04,wk inc flu hosp,2023-02-25,0.8,quantile,24,11.0,3,MOBS-GLEAM_FLUH
2023-02-04,wk inc flu hosp,2023-02-04,0.85,quantile,24,38.0,0,MOBS-GLEAM_FLUH
2023-02-04,wk inc flu hosp,2023-02-11,0.85,quantile,24,25.0,1,MOBS-GLEAM_FLUH
2023-02-04,wk inc flu hosp,2023-02-18,0.85,quantile,24,16.0,2,MOBS-GLEAM_FLUH
2023-02-04,wk inc flu hosp,2023-02-25,0.85,quantile,24,12.0,3,MOBS-GLEAM_FLUH
2023-02-04,wk inc flu hosp,2023-02-04,0.9,quantile,24,42.0,0,MOBS-GLEAM_FLUH
2023-02-04,wk inc flu hosp,2023-02-11,0.9,quantile,24,27.0,1,MOBS-GLEAM_FLUH
2023-02-04,wk inc flu hosp,2023-02-18,0.9,quantile,24,18.0,2,MOBS-GLEAM_FLUH
2023-02-04,wk inc flu hosp,2023-02-25,0.9,quantile,24,14.0,3,MOBS-GLEAM_FLUH
2023-02-04,wk inc flu hosp,2023-02-04,0.95,quantile,24,48.0,0,MOBS-GLEAM_FLUH
2023-02-04,wk inc flu hosp,2023-02-11,0.95,quantile,24,32.0,1,MOBS-GLEAM_FLUH
2023-02-04,wk inc flu hosp,2023-02-18,0.95,quantile,24,21.0,2,MOBS-GLEAM_FLUH
2023-02-04,wk inc flu hosp,2023-02-25,0.95,quantile,24,16.0,3,MOBS-GLEAM_FLUH
2023-02-04,wk inc flu hosp,2023-02-04,0.975,quantile,24,54.0,0,MOBS-GLEAM_FLUH
2023-02-04,wk inc flu hosp,2023-02-11,0.975,quantile,24,36.0,1,MOBS-GLEAM_FLUH
2023-02-04,wk inc flu hosp,2023-02-18,0.975,quantile,24,24.0,2,MOBS-GLEAM_FLUH
2023-02-04,wk inc flu hosp,2023-02-25,0.975,quantile,24,18.0,3,MOBS-GLEAM_FLUH
2023-02-04,wk inc flu hosp,2023-02-04,0.99,quantile,24,62.0,0,MOBS-GLEAM_FLUH
2023-02-04,wk inc flu hosp,2023-02-11,0.99,quantile,24,41.0,1,MOBS-GLEAM_FLUH
2023-02-04,wk inc flu hosp,2023-02-18,0.99,quantile,24,28.0,2,MOBS-GLEAM_FLUH
2023-02-04,wk inc flu hosp,2023-02-25,0.99,quantile,24,21.0,3,MOBS-GLEAM_FLUH
2023-02-04,wk inc flu hosp,2023-02-04,nan,point,25,44.0,0,MOBS-GLEAM_FLUH
2023-02-04,wk inc flu hosp,2023-02-11,nan,point,25,25.0,1,MOBS-GLEAM_FLUH
2023-02-04,wk inc flu hosp,2023-02-18,nan,point,25,16.0,2,MOBS-GLEAM_FLUH
2023-02-04,wk inc flu hosp,2023-02-25,nan,point,25,11.0,3,MOBS-GLEAM_FLUH
2023-02-04,wk inc flu hosp,2023-02-04,0.01,quantile,25,10.0,0,MOBS-GLEAM_FLUH
2023-02-04,wk inc flu hosp,2023-02-11,0.01,quantile,25,5.0,1,MOBS-GLEAM_FLUH
2023-02-04,wk inc flu hosp,2023-02-18,0.01,quantile,25,3.0,2,MOBS-GLEAM_FLUH
2023-02-04,wk inc flu hosp,2023-02-25,0.01,quantile,25,2.0,3,MOBS-GLEAM_FLUH
2023-02-04,wk inc flu hosp,2023-02-04,0.025,quantile,25,14.0,0,MOBS-GLEAM_FLUH
2023-02-04,wk inc flu hosp,2023-02-11,0.025,quantile,25,7.0,1,MOBS-GLEAM_FLUH
2023-02-04,wk inc flu hosp,2023-02-18,0.025,quantile,25,4.0,2,MOBS-GLEAM_FLUH
2023-02-04,wk inc flu hosp,2023-02-25,0.025,quantile,25,3.0,3,MOBS-GLEAM_FLUH
2023-02-04,wk inc flu hosp,2023-02-04,0.05,quantile,25,17.0,0,MOBS-GLEAM_FLUH
2023-02-04,wk inc flu hosp,2023-02-11,0.05,quantile,25,9.0,1,MOBS-GLEAM_FLUH
2023-02-04,wk inc flu hosp,2023-02-18,0.05,quantile,25,5.0,2,MOBS-GLEAM_FLUH
2023-02-04,wk inc flu hosp,2023-02-25,0.05,quantile,25,4.0,3,MOBS-GLEAM_FLUH
2023-02-04,wk inc flu hosp,2023-02-04,0.1,quantile,25,22.0,0,MOBS-GLEAM_FLUH
2023-02-04,wk inc flu hosp,2023-02-11,0.1,quantile,25,12.0,1,MOBS-GLEAM_FLUH
2023-02-04,wk inc flu hosp,2023-02-18,0.1,quantile,25,7.0,2,MOBS-GLEAM_FLUH
2023-02-04,wk inc flu hosp,2023-02-25,0.1,quantile,25,5.0,3,MOBS-GLEAM_FLUH
2023-02-04,wk inc flu hosp,2023-02-04,0.15,quantile,25,25.0,0,MOBS-GLEAM_FLUH
2023-02-04,wk inc flu hosp,2023-02-11,0.15,quantile,25,14.0,1,MOBS-GLEAM_FLUH
2023-02-04,wk inc flu hosp,2023-02-18,0.15,quantile,25,9.0,2,MOBS-GLEAM_FLUH
2023-02-04,wk inc flu hosp,2023-02-25,0.15,quantile,25,6.0,3,MOBS-GLEAM_FLUH
2023-02-04,wk inc flu hosp,2023-02-04,0.2,quantile,25,28.0,0,MOBS-GLEAM_FLUH
2023-02-04,wk inc flu hosp,2023-02-11,0.2,quantile,25,16.0,1,MOBS-GLEAM_FLUH
2023-02-04,wk inc flu hosp,2023-02-18,0.2,quantile,25,10.0,2,MOBS-GLEAM_FLUH
2023-02-04,wk inc flu hosp,2023-02-25,0.2,quantile,25,7.0,3,MOBS-GLEAM_FLUH
2023-02-04,wk inc flu hosp,2023-02-04,0.25,quantile,25,31.0,0,MOBS-GLEAM_FLUH
2023-02-04,wk inc flu hosp,2023-02-11,0.25,quantile,25,17.0,1,MOBS-GLEAM_FLUH
2023-02-04,wk inc flu hosp,2023-02-18,0.25,quantile,25,11.0,2,MOBS-GLEAM_FLUH
2023-02-04,wk inc flu hosp,2023-02-25,0.25,quantile,25,8.0,3,MOBS-GLEAM_FLUH
2023-02-04,wk inc flu hosp,2023-02-04,0.3,quantile,25,33.0,0,MOBS-GLEAM_FLUH
2023-02-04,wk inc flu hosp,2023-02-11,0.3,quantile,25,19.0,1,MOBS-GLEAM_FLUH
2023-02-04,wk inc flu hosp,2023-02-18,0.3,quantile,25,12.0,2,MOBS-GLEAM_FLUH
2023-02-04,wk inc flu hosp,2023-02-25,0.3,quantile,25,8.0,3,MOBS-GLEAM_FLUH
2023-02-04,wk inc flu hosp,2023-02-04,0.35,quantile,25,36.0,0,MOBS-GLEAM_FLUH
2023-02-04,wk inc flu hosp,2023-02-11,0.35,quantile,25,21.0,1,MOBS-GLEAM_FLUH
2023-02-04,wk inc flu hosp,2023-02-18,0.35,quantile,25,13.0,2,MOBS-GLEAM_FLUH
2023-02-04,wk inc flu hosp,2023-02-25,0.35,quantile,25,9.0,3,MOBS-GLEAM_FLUH
2023-02-04,wk inc flu hosp,2023-02-04,0.4,quantile,25,38.0,0,MOBS-GLEAM_FLUH
2023-02-04,wk inc flu hosp,2023-02-11,0.4,quantile,25,22.0,1,MOBS-GLEAM_FLUH
2023-02-04,wk inc flu hosp,2023-02-18,0.4,quantile,25,14.0,2,MOBS-GLEAM_FLUH
2023-02-04,wk inc flu hosp,2023-02-25,0.4,quantile,25,10.0,3,MOBS-GLEAM_FLUH
2023-02-04,wk inc flu hosp,2023-02-04,0.45,quantile,25,41.0,0,MOBS-GLEAM_FLUH
2023-02-04,wk inc flu hosp,2023-02-11,0.45,quantile,25,24.0,1,MOBS-GLEAM_FLUH
2023-02-04,wk inc flu hosp,2023-02-18,0.45,quantile,25,15.0,2,MOBS-GLEAM_FLUH
2023-02-04,wk inc flu hosp,2023-02-25,0.45,quantile,25,11.0,3,MOBS-GLEAM_FLUH
2023-02-04,wk inc flu hosp,2023-02-04,0.5,quantile,25,44.0,0,MOBS-GLEAM_FLUH
2023-02-04,wk inc flu hosp,2023-02-11,0.5,quantile,25,25.0,1,MOBS-GLEAM_FLUH
2023-02-04,wk inc flu hosp,2023-02-18,0.5,quantile,25,16.0,2,MOBS-GLEAM_FLUH
2023-02-04,wk inc flu hosp,2023-02-25,0.5,quantile,25,11.0,3,MOBS-GLEAM_FLUH
2023-02-04,wk inc flu hosp,2023-02-04,0.55,quantile,25,46.0,0,MOBS-GLEAM_FLUH
2023-02-04,wk inc flu hosp,2023-02-11,0.55,quantile,25,27.0,1,MOBS-GLEAM_FLUH
2023-02-04,wk inc flu hosp,2023-02-18,0.55,quantile,25,17.0,2,MOBS-GLEAM_FLUH
2023-02-04,wk inc flu hosp,2023-02-25,0.55,quantile,25,12.0,3,MOBS-GLEAM_FLUH
2023-02-04,wk inc flu hosp,2023-02-04,0.6,quantile,25,49.0,0,MOBS-GLEAM_FLUH
2023-02-04,wk inc flu hosp,2023-02-11,0.6,quantile,25,28.0,1,MOBS-GLEAM_FLUH
2023-02-04,wk inc flu hosp,2023-02-18,0.6,quantile,25,18.0,2,MOBS-GLEAM_FLUH
2023-02-04,wk inc flu hosp,2023-02-25,0.6,quantile,25,13.0,3,MOBS-GLEAM_FLUH
2023-02-04,wk inc flu hosp,2023-02-04,0.65,quantile,25,52.0,0,MOBS-GLEAM_FLUH
2023-02-04,wk inc flu hosp,2023-02-11,0.65,quantile,25,30.0,1,MOBS-GLEAM_FLUH
2023-02-04,wk inc flu hosp,2023-02-18,0.65,quantile,25,19.0,2,MOBS-GLEAM_FLUH
2023-02-04,wk inc flu hosp,2023-02-25,0.65,quantile,25,14.0,3,MOBS-GLEAM_FLUH
2023-02-04,wk inc flu hosp,2023-02-04,0.7,quantile,25,56.0,0,MOBS-GLEAM_FLUH
2023-02-04,wk inc flu hosp,2023-02-11,0.7,quantile,25,32.0,1,MOBS-GLEAM_FLUH
2023-02-04,wk inc flu hosp,2023-02-18,0.7,quantile,25,21.0,2,MOBS-GLEAM_FLUH
2023-02-04,wk inc flu hosp,2023-02-25,0.7,quantile,25,15.0,3,MOBS-GLEAM_FLUH
2023-02-04,wk inc flu hosp,2023-02-04,0.75,quantile,25,59.0,0,MOBS-GLEAM_FLUH
2023-02-04,wk inc flu hosp,2023-02-11,0.75,quantile,25,35.0,1,MOBS-GLEAM_FLUH
2023-02-04,wk inc flu hosp,2023-02-18,0.75,quantile,25,22.0,2,MOBS-GLEAM_FLUH
2023-02-04,wk inc flu hosp,2023-02-25,0.75,quantile,25,16.0,3,MOBS-GLEAM_FLUH
2023-02-04,wk inc flu hosp,2023-02-04,0.8,quantile,25,64.0,0,MOBS-GLEAM_FLUH
2023-02-04,wk inc flu hosp,2023-02-11,0.8,quantile,25,37.0,1,MOBS-GLEAM_FLUH
2023-02-04,wk inc flu hosp,2023-02-18,0.8,quantile,25,24.0,2,MOBS-GLEAM_FLUH
2023-02-04,wk inc flu hosp,2023-02-25,0.8,quantile,25,17.0,3,MOBS-GLEAM_FLUH
2023-02-04,wk inc flu hosp,2023-02-04,0.85,quantile,25,69.0,0,MOBS-GLEAM_FLUH
2023-02-04,wk inc flu hosp,2023-02-11,0.85,quantile,25,40.0,1,MOBS-GLEAM_FLUH
2023-02-04,wk inc flu hosp,2023-02-18,0.85,quantile,25,26.0,2,MOBS-GLEAM_FLUH
2023-02-04,wk inc flu hosp,2023-02-25,0.85,quantile,25,19.0,3,MOBS-GLEAM_FLUH
2023-02-04,wk inc flu hosp,2023-02-04,0.9,quantile,25,76.0,0,MOBS-GLEAM_FLUH
2023-02-04,wk inc flu hosp,2023-02-11,0.9,quantile,25,45.0,1,MOBS-GLEAM_FLUH
2023-02-04,wk inc flu hosp,2023-02-18,0.9,quantile,25,29.0,2,MOBS-GLEAM_FLUH
2023-02-04,wk inc flu hosp,2023-02-25,0.9,quantile,25,21.0,3,MOBS-GLEAM_FLUH
2023-02-04,wk inc flu hosp,2023-02-04,0.95,quantile,25,88.0,0,MOBS-GLEAM_FLUH
2023-02-04,wk inc flu hosp,2023-02-11,0.95,quantile,25,52.0,1,MOBS-GLEAM_FLUH
2023-02-04,wk inc flu hosp,2023-02-18,0.95,quantile,25,33.0,2,MOBS-GLEAM_FLUH
2023-02-04,wk inc flu hosp,2023-02-25,0.95,quantile,25,25.0,3,MOBS-GLEAM_FLUH
2023-02-04,wk inc flu hosp,2023-02-04,0.975,quantile,25,98.0,0,MOBS-GLEAM_FLUH
2023-02-04,wk inc flu hosp,2023-02-11,0.975,quantile,25,58.0,1,MOBS-GLEAM_FLUH
2023-02-04,wk inc flu hosp,2023-02-18,0.975,quantile,25,38.0,2,MOBS-GLEAM_FLUH
2023-02-04,wk inc flu hosp,2023-02-25,0.975,quantile,25,28.0,3,MOBS-GLEAM_FLUH
2023-02-04,wk inc flu hosp,2023-02-04,0.99,quantile,25,112.0,0,MOBS-GLEAM_FLUH
2023-02-04,wk inc flu hosp,2023-02-11,0.99,quantile,25,66.0,1,MOBS-GLEAM_FLUH
2023-02-04,wk inc flu hosp,2023-02-18,0.99,quantile,25,43.0,2,MOBS-GLEAM_FLUH
2023-02-04,wk inc flu hosp,2023-02-25,0.99,quantile,25,32.0,3,MOBS-GLEAM_FLUH
2023-02-04,wk inc flu hosp,2023-02-04,nan,point,26,50.0,0,MOBS-GLEAM_FLUH
2023-02-04,wk inc flu hosp,2023-02-11,nan,point,26,27.0,1,MOBS-GLEAM_FLUH
2023-02-04,wk inc flu hosp,2023-02-18,nan,point,26,14.0,2,MOBS-GLEAM_FLUH
2023-02-04,wk inc flu hosp,2023-02-25,nan,point,26,8.0,3,MOBS-GLEAM_FLUH
2023-02-04,wk inc flu hosp,2023-02-04,0.01,quantile,26,12.0,0,MOBS-GLEAM_FLUH
2023-02-04,wk inc flu hosp,2023-02-11,0.01,quantile,26,6.0,1,MOBS-GLEAM_FLUH
2023-02-04,wk inc flu hosp,2023-02-18,0.01,quantile,26,2.0,2,MOBS-GLEAM_FLUH
2023-02-04,wk inc flu hosp,2023-02-25,0.01,quantile,26,1.0,3,MOBS-GLEAM_FLUH
2023-02-04,wk inc flu hosp,2023-02-04,0.025,quantile,26,16.0,0,MOBS-GLEAM_FLUH
2023-02-04,wk inc flu hosp,2023-02-11,0.025,quantile,26,8.0,1,MOBS-GLEAM_FLUH
2023-02-04,wk inc flu hosp,2023-02-18,0.025,quantile,26,4.0,2,MOBS-GLEAM_FLUH
2023-02-04,wk inc flu hosp,2023-02-25,0.025,quantile,26,1.0,3,MOBS-GLEAM_FLUH
2023-02-04,wk inc flu hosp,2023-02-04,0.05,quantile,26,20.0,0,MOBS-GLEAM_FLUH
2023-02-04,wk inc flu hosp,2023-02-11,0.05,quantile,26,10.0,1,MOBS-GLEAM_FLUH
2023-02-04,wk inc flu hosp,2023-02-18,0.05,quantile,26,5.0,2,MOBS-GLEAM_FLUH
2023-02-04,wk inc flu hosp,2023-02-25,0.05,quantile,26,2.0,3,MOBS-GLEAM_FLUH
2023-02-04,wk inc flu hosp,2023-02-04,0.1,quantile,26,25.0,0,MOBS-GLEAM_FLUH
2023-02-04,wk inc flu hosp,2023-02-11,0.1,quantile,26,13.0,1,MOBS-GLEAM_FLUH
2023-02-04,wk inc flu hosp,2023-02-18,0.1,quantile,26,6.0,2,MOBS-GLEAM_FLUH
2023-02-04,wk inc flu hosp,2023-02-25,0.1,quantile,26,3.0,3,MOBS-GLEAM_FLUH
2023-02-04,wk inc flu hosp,2023-02-04,0.15,quantile,26,29.0,0,MOBS-GLEAM_FLUH
2023-02-04,wk inc flu hosp,2023-02-11,0.15,quantile,26,15.0,1,MOBS-GLEAM_FLUH
2023-02-04,wk inc flu hosp,2023-02-18,0.15,quantile,26,8.0,2,MOBS-GLEAM_FLUH
2023-02-04,wk inc flu hosp,2023-02-25,0.15,quantile,26,4.0,3,MOBS-GLEAM_FLUH
2023-02-04,wk inc flu hosp,2023-02-04,0.2,quantile,26,32.0,0,MOBS-GLEAM_FLUH
2023-02-04,wk inc flu hosp,2023-02-11,0.2,quantile,26,17.0,1,MOBS-GLEAM_FLUH
2023-02-04,wk inc flu hosp,2023-02-18,0.2,quantile,26,9.0,2,MOBS-GLEAM_FLUH
2023-02-04,wk inc flu hosp,2023-02-25,0.2,quantile,26,4.0,3,MOBS-GLEAM_FLUH
2023-02-04,wk inc flu hosp,2023-02-04,0.25,quantile,26,35.0,0,MOBS-GLEAM_FLUH
2023-02-04,wk inc flu hosp,2023-02-11,0.25,quantile,26,19.0,1,MOBS-GLEAM_FLUH
2023-02-04,wk inc flu hosp,2023-02-18,0.25,quantile,26,10.0,2,MOBS-GLEAM_FLUH
2023-02-04,wk inc flu hosp,2023-02-25,0.25,quantile,26,5.0,3,MOBS-GLEAM_FLUH
2023-02-04,wk inc flu hosp,2023-02-04,0.3,quantile,26,38.0,0,MOBS-GLEAM_FLUH
2023-02-04,wk inc flu hosp,2023-02-11,0.3,quantile,26,20.0,1,MOBS-GLEAM_FLUH
2023-02-04,wk inc flu hosp,2023-02-18,0.3,quantile,26,11.0,2,MOBS-GLEAM_FLUH
2023-02-04,wk inc flu hosp,2023-02-25,0.3,quantile,26,6.0,3,MOBS-GLEAM_FLUH
2023-02-04,wk inc flu hosp,2023-02-04,0.35,quantile,26,41.0,0,MOBS-GLEAM_FLUH
2023-02-04,wk inc flu hosp,2023-02-11,0.35,quantile,26,22.0,1,MOBS-GLEAM_FLUH
2023-02-04,wk inc flu hosp,2023-02-18,0.35,quantile,26,12.0,2,MOBS-GLEAM_FLUH
2023-02-04,wk inc flu hosp,2023-02-25,0.35,quantile,26,6.0,3,MOBS-GLEAM_FLUH
2023-02-04,wk inc flu hosp,2023-02-04,0.4,quantile,26,44.0,0,MOBS-GLEAM_FLUH
2023-02-04,wk inc flu hosp,2023-02-11,0.4,quantile,26,24.0,1,MOBS-GLEAM_FLUH
2023-02-04,wk inc flu hosp,2023-02-18,0.4,quantile,26,13.0,2,MOBS-GLEAM_FLUH
2023-02-04,wk inc flu hosp,2023-02-25,0.4,quantile,26,7.0,3,MOBS-GLEAM_FLUH
2023-02-04,wk inc flu hosp,2023-02-04,0.45,quantile,26,47.0,0,MOBS-GLEAM_FLUH
2023-02-04,wk inc flu hosp,2023-02-11,0.45,quantile,26,25.0,1,MOBS-GLEAM_FLUH
2023-02-04,wk inc flu hosp,2023-02-18,0.45,quantile,26,13.0,2,MOBS-GLEAM_FLUH
2023-02-04,wk inc flu hosp,2023-02-25,0.45,quantile,26,7.0,3,MOBS-GLEAM_FLUH
2023-02-04,wk inc flu hosp,2023-02-04,0.5,quantile,26,50.0,0,MOBS-GLEAM_FLUH
2023-02-04,wk inc flu hosp,2023-02-11,0.5,quantile,26,27.0,1,MOBS-GLEAM_FLUH
2023-02-04,wk inc flu hosp,2023-02-18,0.5,quantile,26,14.0,2,MOBS-GLEAM_FLUH
2023-02-04,wk inc flu hosp,2023-02-25,0.5,quantile,26,8.0,3,MOBS-GLEAM_FLUH
2023-02-04,wk inc flu hosp,2023-02-04,0.55,quantile,26,53.0,0,MOBS-GLEAM_FLUH
2023-02-04,wk inc flu hosp,2023-02-11,0.55,quantile,26,29.0,1,MOBS-GLEAM_FLUH
2023-02-04,wk inc flu hosp,2023-02-18,0.55,quantile,26,15.0,2,MOBS-GLEAM_FLUH
2023-02-04,wk inc flu hosp,2023-02-25,0.55,quantile,26,9.0,3,MOBS-GLEAM_FLUH
2023-02-04,wk inc flu hosp,2023-02-04,0.6,quantile,26,56.0,0,MOBS-GLEAM_FLUH
2023-02-04,wk inc flu hosp,2023-02-11,0.6,quantile,26,30.0,1,MOBS-GLEAM_FLUH
2023-02-04,wk inc flu hosp,2023-02-18,0.6,quantile,26,16.0,2,MOBS-GLEAM_FLUH
2023-02-04,wk inc flu hosp,2023-02-25,0.6,quantile,26,9.0,3,MOBS-GLEAM_FLUH
2023-02-04,wk inc flu hosp,2023-02-04,0.65,quantile,26,60.0,0,MOBS-GLEAM_FLUH
2023-02-04,wk inc flu hosp,2023-02-11,0.65,quantile,26,32.0,1,MOBS-GLEAM_FLUH
2023-02-04,wk inc flu hosp,2023-02-18,0.65,quantile,26,18.0,2,MOBS-GLEAM_FLUH
2023-02-04,wk inc flu hosp,2023-02-25,0.65,quantile,26,10.0,3,MOBS-GLEAM_FLUH
2023-02-04,wk inc flu hosp,2023-02-04,0.7,quantile,26,64.0,0,MOBS-GLEAM_FLUH
2023-02-04,wk inc flu hosp,2023-02-11,0.7,quantile,26,34.0,1,MOBS-GLEAM_FLUH
2023-02-04,wk inc flu hosp,2023-02-18,0.7,quantile,26,19.0,2,MOBS-GLEAM_FLUH
2023-02-04,wk inc flu hosp,2023-02-25,0.7,quantile,26,11.0,3,MOBS-GLEAM_FLUH
2023-02-04,wk inc flu hosp,2023-02-04,0.75,quantile,26,68.0,0,MOBS-GLEAM_FLUH
2023-02-04,wk inc flu hosp,2023-02-11,0.75,quantile,26,37.0,1,MOBS-GLEAM_FLUH
2023-02-04,wk inc flu hosp,2023-02-18,0.75,quantile,26,20.0,2,MOBS-GLEAM_FLUH
2023-02-04,wk inc flu hosp,2023-02-25,0.75,quantile,26,11.0,3,MOBS-GLEAM_FLUH
2023-02-04,wk inc flu hosp,2023-02-04,0.8,quantile,26,73.0,0,MOBS-GLEAM_FLUH
2023-02-04,wk inc flu hosp,2023-02-11,0.8,quantile,26,40.0,1,MOBS-GLEAM_FLUH
2023-02-04,wk inc flu hosp,2023-02-18,0.8,quantile,26,22.0,2,MOBS-GLEAM_FLUH
2023-02-04,wk inc flu hosp,2023-02-25,0.8,quantile,26,12.0,3,MOBS-GLEAM_FLUH
2023-02-04,wk inc flu hosp,2023-02-04,0.85,quantile,26,79.0,0,MOBS-GLEAM_FLUH
2023-02-04,wk inc flu hosp,2023-02-11,0.85,quantile,26,43.0,1,MOBS-GLEAM_FLUH
2023-02-04,wk inc flu hosp,2023-02-18,0.85,quantile,26,24.0,2,MOBS-GLEAM_FLUH
2023-02-04,wk inc flu hosp,2023-02-25,0.85,quantile,26,14.0,3,MOBS-GLEAM_FLUH
2023-02-04,wk inc flu hosp,2023-02-04,0.9,quantile,26,87.0,0,MOBS-GLEAM_FLUH
2023-02-04,wk inc flu hosp,2023-02-11,0.9,quantile,26,48.0,1,MOBS-GLEAM_FLUH
2023-02-04,wk inc flu hosp,2023-02-18,0.9,quantile,26,26.0,2,MOBS-GLEAM_FLUH
2023-02-04,wk inc flu hosp,2023-02-25,0.9,quantile,26,15.0,3,MOBS-GLEAM_FLUH
2023-02-04,wk inc flu hosp,2023-02-04,0.95,quantile,26,100.0,0,MOBS-GLEAM_FLUH
2023-02-04,wk inc flu hosp,2023-02-11,0.95,quantile,26,55.0,1,MOBS-GLEAM_FLUH
2023-02-04,wk inc flu hosp,2023-02-18,0.95,quantile,26,30.0,2,MOBS-GLEAM_FLUH
2023-02-04,wk inc flu hosp,2023-02-25,0.95,quantile,26,18.0,3,MOBS-GLEAM_FLUH
2023-02-04,wk inc flu hosp,2023-02-04,0.975,quantile,26,112.0,0,MOBS-GLEAM_FLUH
2023-02-04,wk inc flu hosp,2023-02-11,0.975,quantile,26,62.0,1,MOBS-GLEAM_FLUH
2023-02-04,wk inc flu hosp,2023-02-18,0.975,quantile,26,34.0,2,MOBS-GLEAM_FLUH
2023-02-04,wk inc flu hosp,2023-02-25,0.975,quantile,26,20.0,3,MOBS-GLEAM_FLUH
2023-02-04,wk inc flu hosp,2023-02-04,0.99,quantile,26,128.0,0,MOBS-GLEAM_FLUH
2023-02-04,wk inc flu hosp,2023-02-11,0.99,quantile,26,70.0,1,MOBS-GLEAM_FLUH
2023-02-04,wk inc flu hosp,2023-02-18,0.99,quantile,26,39.0,2,MOBS-GLEAM_FLUH
2023-02-04,wk inc flu hosp,2023-02-25,0.99,quantile,26,23.0,3,MOBS-GLEAM_FLUH
2023-02-04,wk inc flu hosp,2023-02-04,nan,point,27,13.0,0,MOBS-GLEAM_FLUH
2023-02-04,wk inc flu hosp,2023-02-11,nan,point,27,8.0,1,MOBS-GLEAM_FLUH
2023-02-04,wk inc flu hosp,2023-02-18,nan,point,27,6.0,2,MOBS-GLEAM_FLUH
2023-02-04,wk inc flu hosp,2023-02-25,nan,point,27,4.0,3,MOBS-GLEAM_FLUH
2023-02-04,wk inc flu hosp,2023-02-04,0.01,quantile,27,2.0,0,MOBS-GLEAM_FLUH
2023-02-04,wk inc flu hosp,2023-02-11,0.01,quantile,27,1.0,1,MOBS-GLEAM_FLUH
2023-02-04,wk inc flu hosp,2023-02-18,0.01,quantile,27,0.0,2,MOBS-GLEAM_FLUH
2023-02-04,wk inc flu hosp,2023-02-25,0.01,quantile,27,0.0,3,MOBS-GLEAM_FLUH
2023-02-04,wk inc flu hosp,2023-02-04,0.025,quantile,27,3.0,0,MOBS-GLEAM_FLUH
2023-02-04,wk inc flu hosp,2023-02-11,0.025,quantile,27,2.0,1,MOBS-GLEAM_FLUH
2023-02-04,wk inc flu hosp,2023-02-18,0.025,quantile,27,1.0,2,MOBS-GLEAM_FLUH
2023-02-04,wk inc flu hosp,2023-02-25,0.025,quantile,27,0.0,3,MOBS-GLEAM_FLUH
2023-02-04,wk inc flu hosp,2023-02-04,0.05,quantile,27,4.0,0,MOBS-GLEAM_FLUH
2023-02-04,wk inc flu hosp,2023-02-11,0.05,quantile,27,2.0,1,MOBS-GLEAM_FLUH
2023-02-04,wk inc flu hosp,2023-02-18,0.05,quantile,27,1.0,2,MOBS-GLEAM_FLUH
2023-02-04,wk inc flu hosp,2023-02-25,0.05,quantile,27,1.0,3,MOBS-GLEAM_FLUH
2023-02-04,wk inc flu hosp,2023-02-04,0.1,quantile,27,6.0,0,MOBS-GLEAM_FLUH
2023-02-04,wk inc flu hosp,2023-02-11,0.1,quantile,27,3.0,1,MOBS-GLEAM_FLUH
2023-02-04,wk inc flu hosp,2023-02-18,0.1,quantile,27,2.0,2,MOBS-GLEAM_FLUH
2023-02-04,wk inc flu hosp,2023-02-25,0.1,quantile,27,1.0,3,MOBS-GLEAM_FLUH
2023-02-04,wk inc flu hosp,2023-02-04,0.15,quantile,27,7.0,0,MOBS-GLEAM_FLUH
2023-02-04,wk inc flu hosp,2023-02-11,0.15,quantile,27,4.0,1,MOBS-GLEAM_FLUH
2023-02-04,wk inc flu hosp,2023-02-18,0.15,quantile,27,3.0,2,MOBS-GLEAM_FLUH
2023-02-04,wk inc flu hosp,2023-02-25,0.15,quantile,27,2.0,3,MOBS-GLEAM_FLUH
2023-02-04,wk inc flu hosp,2023-02-04,0.2,quantile,27,8.0,0,MOBS-GLEAM_FLUH
2023-02-04,wk inc flu hosp,2023-02-11,0.2,quantile,27,5.0,1,MOBS-GLEAM_FLUH
2023-02-04,wk inc flu hosp,2023-02-18,0.2,quantile,27,3.0,2,MOBS-GLEAM_FLUH
2023-02-04,wk inc flu hosp,2023-02-25,0.2,quantile,27,2.0,3,MOBS-GLEAM_FLUH
2023-02-04,wk inc flu hosp,2023-02-04,0.25,quantile,27,8.0,0,MOBS-GLEAM_FLUH
2023-02-04,wk inc flu hosp,2023-02-11,0.25,quantile,27,5.0,1,MOBS-GLEAM_FLUH
2023-02-04,wk inc flu hosp,2023-02-18,0.25,quantile,27,4.0,2,MOBS-GLEAM_FLUH
2023-02-04,wk inc flu hosp,2023-02-25,0.25,quantile,27,3.0,3,MOBS-GLEAM_FLUH
2023-02-04,wk inc flu hosp,2023-02-04,0.3,quantile,27,9.0,0,MOBS-GLEAM_FLUH
2023-02-04,wk inc flu hosp,2023-02-11,0.3,quantile,27,6.0,1,MOBS-GLEAM_FLUH
2023-02-04,wk inc flu hosp,2023-02-18,0.3,quantile,27,4.0,2,MOBS-GLEAM_FLUH
2023-02-04,wk inc flu hosp,2023-02-25,0.3,quantile,27,3.0,3,MOBS-GLEAM_FLUH
2023-02-04,wk inc flu hosp,2023-02-04,0.35,quantile,27,10.0,0,MOBS-GLEAM_FLUH
2023-02-04,wk inc flu hosp,2023-02-11,0.35,quantile,27,7.0,1,MOBS-GLEAM_FLUH
2023-02-04,wk inc flu hosp,2023-02-18,0.35,quantile,27,4.0,2,MOBS-GLEAM_FLUH
2023-02-04,wk inc flu hosp,2023-02-25,0.35,quantile,27,3.0,3,MOBS-GLEAM_FLUH
2023-02-04,wk inc flu hosp,2023-02-04,0.4,quantile,27,11.0,0,MOBS-GLEAM_FLUH
2023-02-04,wk inc flu hosp,2023-02-11,0.4,quantile,27,7.0,1,MOBS-GLEAM_FLUH
2023-02-04,wk inc flu hosp,2023-02-18,0.4,quantile,27,5.0,2,MOBS-GLEAM_FLUH
2023-02-04,wk inc flu hosp,2023-02-25,0.4,quantile,27,4.0,3,MOBS-GLEAM_FLUH
2023-02-04,wk inc flu hosp,2023-02-04,0.45,quantile,27,12.0,0,MOBS-GLEAM_FLUH
2023-02-04,wk inc flu hosp,2023-02-11,0.45,quantile,27,8.0,1,MOBS-GLEAM_FLUH
2023-02-04,wk inc flu hosp,2023-02-18,0.45,quantile,27,5.0,2,MOBS-GLEAM_FLUH
2023-02-04,wk inc flu hosp,2023-02-25,0.45,quantile,27,4.0,3,MOBS-GLEAM_FLUH
2023-02-04,wk inc flu hosp,2023-02-04,0.5,quantile,27,13.0,0,MOBS-GLEAM_FLUH
2023-02-04,wk inc flu hosp,2023-02-11,0.5,quantile,27,8.0,1,MOBS-GLEAM_FLUH
2023-02-04,wk inc flu hosp,2023-02-18,0.5,quantile,27,6.0,2,MOBS-GLEAM_FLUH
2023-02-04,wk inc flu hosp,2023-02-25,0.5,quantile,27,4.0,3,MOBS-GLEAM_FLUH
2023-02-04,wk inc flu hosp,2023-02-04,0.55,quantile,27,14.0,0,MOBS-GLEAM_FLUH
2023-02-04,wk inc flu hosp,2023-02-11,0.55,quantile,27,9.0,1,MOBS-GLEAM_FLUH
2023-02-04,wk inc flu hosp,2023-02-18,0.55,quantile,27,6.0,2,MOBS-GLEAM_FLUH
2023-02-04,wk inc flu hosp,2023-02-25,0.55,quantile,27,5.0,3,MOBS-GLEAM_FLUH
2023-02-04,wk inc flu hosp,2023-02-04,0.6,quantile,27,14.0,0,MOBS-GLEAM_FLUH
2023-02-04,wk inc flu hosp,2023-02-11,0.6,quantile,27,10.0,1,MOBS-GLEAM_FLUH
2023-02-04,wk inc flu hosp,2023-02-18,0.6,quantile,27,7.0,2,MOBS-GLEAM_FLUH
2023-02-04,wk inc flu hosp,2023-02-25,0.6,quantile,27,5.0,3,MOBS-GLEAM_FLUH
2023-02-04,wk inc flu hosp,2023-02-04,0.65,quantile,27,15.0,0,MOBS-GLEAM_FLUH
2023-02-04,wk inc flu hosp,2023-02-11,0.65,quantile,27,10.0,1,MOBS-GLEAM_FLUH
2023-02-04,wk inc flu hosp,2023-02-18,0.65,quantile,27,7.0,2,MOBS-GLEAM_FLUH
2023-02-04,wk inc flu hosp,2023-02-25,0.65,quantile,27,6.0,3,MOBS-GLEAM_FLUH
2023-02-04,wk inc flu hosp,2023-02-04,0.7,quantile,27,17.0,0,MOBS-GLEAM_FLUH
2023-02-04,wk inc flu hosp,2023-02-11,0.7,quantile,27,11.0,1,MOBS-GLEAM_FLUH
2023-02-04,wk inc flu hosp,2023-02-18,0.7,quantile,27,8.0,2,MOBS-GLEAM_FLUH
2023-02-04,wk inc flu hosp,2023-02-25,0.7,quantile,27,6.0,3,MOBS-GLEAM_FLUH
2023-02-04,wk inc flu hosp,2023-02-04,0.75,quantile,27,18.0,0,MOBS-GLEAM_FLUH
2023-02-04,wk inc flu hosp,2023-02-11,0.75,quantile,27,12.0,1,MOBS-GLEAM_FLUH
2023-02-04,wk inc flu hosp,2023-02-18,0.75,quantile,27,8.0,2,MOBS-GLEAM_FLUH
2023-02-04,wk inc flu hosp,2023-02-25,0.75,quantile,27,7.0,3,MOBS-GLEAM_FLUH
2023-02-04,wk inc flu hosp,2023-02-04,0.8,quantile,27,19.0,0,MOBS-GLEAM_FLUH
2023-02-04,wk inc flu hosp,2023-02-11,0.8,quantile,27,13.0,1,MOBS-GLEAM_FLUH
2023-02-04,wk inc flu hosp,2023-02-18,0.8,quantile,27,9.0,2,MOBS-GLEAM_FLUH
2023-02-04,wk inc flu hosp,2023-02-25,0.8,quantile,27,7.0,3,MOBS-GLEAM_FLUH
2023-02-04,wk inc flu hosp,2023-02-04,0.85,quantile,27,21.0,0,MOBS-GLEAM_FLUH
2023-02-04,wk inc flu hosp,2023-02-11,0.85,quantile,27,14.0,1,MOBS-GLEAM_FLUH
2023-02-04,wk inc flu hosp,2023-02-18,0.85,quantile,27,10.0,2,MOBS-GLEAM_FLUH
2023-02-04,wk inc flu hosp,2023-02-25,0.85,quantile,27,8.0,3,MOBS-GLEAM_FLUH
2023-02-04,wk inc flu hosp,2023-02-04,0.9,quantile,27,23.0,0,MOBS-GLEAM_FLUH
2023-02-04,wk inc flu hosp,2023-02-11,0.9,quantile,27,16.0,1,MOBS-GLEAM_FLUH
2023-02-04,wk inc flu hosp,2023-02-18,0.9,quantile,27,11.0,2,MOBS-GLEAM_FLUH
2023-02-04,wk inc flu hosp,2023-02-25,0.9,quantile,27,9.0,3,MOBS-GLEAM_FLUH
2023-02-04,wk inc flu hosp,2023-02-04,0.95,quantile,27,27.0,0,MOBS-GLEAM_FLUH
2023-02-04,wk inc flu hosp,2023-02-11,0.95,quantile,27,19.0,1,MOBS-GLEAM_FLUH
2023-02-04,wk inc flu hosp,2023-02-18,0.95,quantile,27,13.0,2,MOBS-GLEAM_FLUH
2023-02-04,wk inc flu hosp,2023-02-25,0.95,quantile,27,11.0,3,MOBS-GLEAM_FLUH
2023-02-04,wk inc flu hosp,2023-02-04,0.975,quantile,27,31.0,0,MOBS-GLEAM_FLUH
2023-02-04,wk inc flu hosp,2023-02-11,0.975,quantile,27,21.0,1,MOBS-GLEAM_FLUH
2023-02-04,wk inc flu hosp,2023-02-18,0.975,quantile,27,15.0,2,MOBS-GLEAM_FLUH
2023-02-04,wk inc flu hosp,2023-02-25,0.975,quantile,27,12.0,3,MOBS-GLEAM_FLUH
2023-02-04,wk inc flu hosp,2023-02-04,0.99,quantile,27,35.0,0,MOBS-GLEAM_FLUH
2023-02-04,wk inc flu hosp,2023-02-11,0.99,quantile,27,24.0,1,MOBS-GLEAM_FLUH
2023-02-04,wk inc flu hosp,2023-02-18,0.99,quantile,27,18.0,2,MOBS-GLEAM_FLUH
2023-02-04,wk inc flu hosp,2023-02-25,0.99,quantile,27,14.0,3,MOBS-GLEAM_FLUH
2023-02-04,wk inc flu hosp,2023-02-04,nan,point,28,24.0,0,MOBS-GLEAM_FLUH
2023-02-04,wk inc flu hosp,2023-02-11,nan,point,28,22.0,1,MOBS-GLEAM_FLUH
2023-02-04,wk inc flu hosp,2023-02-18,nan,point,28,20.0,2,MOBS-GLEAM_FLUH
2023-02-04,wk inc flu hosp,2023-02-25,nan,point,28,19.0,3,MOBS-GLEAM_FLUH
2023-02-04,wk inc flu hosp,2023-02-04,0.01,quantile,28,5.0,0,MOBS-GLEAM_FLUH
2023-02-04,wk inc flu hosp,2023-02-11,0.01,quantile,28,4.0,1,MOBS-GLEAM_FLUH
2023-02-04,wk inc flu hosp,2023-02-18,0.01,quantile,28,4.0,2,MOBS-GLEAM_FLUH
2023-02-04,wk inc flu hosp,2023-02-25,0.01,quantile,28,4.0,3,MOBS-GLEAM_FLUH
2023-02-04,wk inc flu hosp,2023-02-04,0.025,quantile,28,7.0,0,MOBS-GLEAM_FLUH
2023-02-04,wk inc flu hosp,2023-02-11,0.025,quantile,28,6.0,1,MOBS-GLEAM_FLUH
2023-02-04,wk inc flu hosp,2023-02-18,0.025,quantile,28,5.0,2,MOBS-GLEAM_FLUH
2023-02-04,wk inc flu hosp,2023-02-25,0.025,quantile,28,5.0,3,MOBS-GLEAM_FLUH
2023-02-04,wk inc flu hosp,2023-02-04,0.05,quantile,28,9.0,0,MOBS-GLEAM_FLUH
2023-02-04,wk inc flu hosp,2023-02-11,0.05,quantile,28,8.0,1,MOBS-GLEAM_FLUH
2023-02-04,wk inc flu hosp,2023-02-18,0.05,quantile,28,7.0,2,MOBS-GLEAM_FLUH
2023-02-04,wk inc flu hosp,2023-02-25,0.05,quantile,28,7.0,3,MOBS-GLEAM_FLUH
2023-02-04,wk inc flu hosp,2023-02-04,0.1,quantile,28,12.0,0,MOBS-GLEAM_FLUH
2023-02-04,wk inc flu hosp,2023-02-11,0.1,quantile,28,10.0,1,MOBS-GLEAM_FLUH
2023-02-04,wk inc flu hosp,2023-02-18,0.1,quantile,28,9.0,2,MOBS-GLEAM_FLUH
2023-02-04,wk inc flu hosp,2023-02-25,0.1,quantile,28,9.0,3,MOBS-GLEAM_FLUH
2023-02-04,wk inc flu hosp,2023-02-04,0.15,quantile,28,14.0,0,MOBS-GLEAM_FLUH
2023-02-04,wk inc flu hosp,2023-02-11,0.15,quantile,28,12.0,1,MOBS-GLEAM_FLUH
2023-02-04,wk inc flu hosp,2023-02-18,0.15,quantile,28,11.0,2,MOBS-GLEAM_FLUH
2023-02-04,wk inc flu hosp,2023-02-25,0.15,quantile,28,10.0,3,MOBS-GLEAM_FLUH
2023-02-04,wk inc flu hosp,2023-02-04,0.2,quantile,28,15.0,0,MOBS-GLEAM_FLUH
2023-02-04,wk inc flu hosp,2023-02-11,0.2,quantile,28,13.0,1,MOBS-GLEAM_FLUH
2023-02-04,wk inc flu hosp,2023-02-18,0.2,quantile,28,12.0,2,MOBS-GLEAM_FLUH
2023-02-04,wk inc flu hosp,2023-02-25,0.2,quantile,28,12.0,3,MOBS-GLEAM_FLUH
2023-02-04,wk inc flu hosp,2023-02-04,0.25,quantile,28,17.0,0,MOBS-GLEAM_FLUH
2023-02-04,wk inc flu hosp,2023-02-11,0.25,quantile,28,15.0,1,MOBS-GLEAM_FLUH
2023-02-04,wk inc flu hosp,2023-02-18,0.25,quantile,28,14.0,2,MOBS-GLEAM_FLUH
2023-02-04,wk inc flu hosp,2023-02-25,0.25,quantile,28,13.0,3,MOBS-GLEAM_FLUH
2023-02-04,wk inc flu hosp,2023-02-04,0.3,quantile,28,18.0,0,MOBS-GLEAM_FLUH
2023-02-04,wk inc flu hosp,2023-02-11,0.3,quantile,28,16.0,1,MOBS-GLEAM_FLUH
2023-02-04,wk inc flu hosp,2023-02-18,0.3,quantile,28,15.0,2,MOBS-GLEAM_FLUH
2023-02-04,wk inc flu hosp,2023-02-25,0.3,quantile,28,14.0,3,MOBS-GLEAM_FLUH
2023-02-04,wk inc flu hosp,2023-02-04,0.35,quantile,28,20.0,0,MOBS-GLEAM_FLUH
2023-02-04,wk inc flu hosp,2023-02-11,0.35,quantile,28,18.0,1,MOBS-GLEAM_FLUH
2023-02-04,wk inc flu hosp,2023-02-18,0.35,quantile,28,16.0,2,MOBS-GLEAM_FLUH
2023-02-04,wk inc flu hosp,2023-02-25,0.35,quantile,28,15.0,3,MOBS-GLEAM_FLUH
2023-02-04,wk inc flu hosp,2023-02-04,0.4,quantile,28,21.0,0,MOBS-GLEAM_FLUH
2023-02-04,wk inc flu hosp,2023-02-11,0.4,quantile,28,19.0,1,MOBS-GLEAM_FLUH
2023-02-04,wk inc flu hosp,2023-02-18,0.4,quantile,28,17.0,2,MOBS-GLEAM_FLUH
2023-02-04,wk inc flu hosp,2023-02-25,0.4,quantile,28,16.0,3,MOBS-GLEAM_FLUH
2023-02-04,wk inc flu hosp,2023-02-04,0.45,quantile,28,23.0,0,MOBS-GLEAM_FLUH
2023-02-04,wk inc flu hosp,2023-02-11,0.45,quantile,28,20.0,1,MOBS-GLEAM_FLUH
2023-02-04,wk inc flu hosp,2023-02-18,0.45,quantile,28,19.0,2,MOBS-GLEAM_FLUH
2023-02-04,wk inc flu hosp,2023-02-25,0.45,quantile,28,18.0,3,MOBS-GLEAM_FLUH
2023-02-04,wk inc flu hosp,2023-02-04,0.5,quantile,28,24.0,0,MOBS-GLEAM_FLUH
2023-02-04,wk inc flu hosp,2023-02-11,0.5,quantile,28,22.0,1,MOBS-GLEAM_FLUH
2023-02-04,wk inc flu hosp,2023-02-18,0.5,quantile,28,20.0,2,MOBS-GLEAM_FLUH
2023-02-04,wk inc flu hosp,2023-02-25,0.5,quantile,28,19.0,3,MOBS-GLEAM_FLUH
2023-02-04,wk inc flu hosp,2023-02-04,0.55,quantile,28,26.0,0,MOBS-GLEAM_FLUH
2023-02-04,wk inc flu hosp,2023-02-11,0.55,quantile,28,23.0,1,MOBS-GLEAM_FLUH
2023-02-04,wk inc flu hosp,2023-02-18,0.55,quantile,28,21.0,2,MOBS-GLEAM_FLUH
2023-02-04,wk inc flu hosp,2023-02-25,0.55,quantile,28,20.0,3,MOBS-GLEAM_FLUH
2023-02-04,wk inc flu hosp,2023-02-04,0.6,quantile,28,28.0,0,MOBS-GLEAM_FLUH
2023-02-04,wk inc flu hosp,2023-02-11,0.6,quantile,28,24.0,1,MOBS-GLEAM_FLUH
2023-02-04,wk inc flu hosp,2023-02-18,0.6,quantile,28,23.0,2,MOBS-GLEAM_FLUH
2023-02-04,wk inc flu hosp,2023-02-25,0.6,quantile,28,21.0,3,MOBS-GLEAM_FLUH
2023-02-04,wk inc flu hosp,2023-02-04,0.65,quantile,28,29.0,0,MOBS-GLEAM_FLUH
2023-02-04,wk inc flu hosp,2023-02-11,0.65,quantile,28,26.0,1,MOBS-GLEAM_FLUH
2023-02-04,wk inc flu hosp,2023-02-18,0.65,quantile,28,24.0,2,MOBS-GLEAM_FLUH
2023-02-04,wk inc flu hosp,2023-02-25,0.65,quantile,28,23.0,3,MOBS-GLEAM_FLUH
2023-02-04,wk inc flu hosp,2023-02-04,0.7,quantile,28,31.0,0,MOBS-GLEAM_FLUH
2023-02-04,wk inc flu hosp,2023-02-11,0.7,quantile,28,28.0,1,MOBS-GLEAM_FLUH
2023-02-04,wk inc flu hosp,2023-02-18,0.7,quantile,28,26.0,2,MOBS-GLEAM_FLUH
2023-02-04,wk inc flu hosp,2023-02-25,0.7,quantile,28,24.0,3,MOBS-GLEAM_FLUH
2023-02-04,wk inc flu hosp,2023-02-04,0.75,quantile,28,34.0,0,MOBS-GLEAM_FLUH
2023-02-04,wk inc flu hosp,2023-02-11,0.75,quantile,28,30.0,1,MOBS-GLEAM_FLUH
2023-02-04,wk inc flu hosp,2023-02-18,0.75,quantile,28,27.0,2,MOBS-GLEAM_FLUH
2023-02-04,wk inc flu hosp,2023-02-25,0.75,quantile,28,26.0,3,MOBS-GLEAM_FLUH
2023-02-04,wk inc flu hosp,2023-02-04,0.8,quantile,28,36.0,0,MOBS-GLEAM_FLUH
2023-02-04,wk inc flu hosp,2023-02-11,0.8,quantile,28,32.0,1,MOBS-GLEAM_FLUH
2023-02-04,wk inc flu hosp,2023-02-18,0.8,quantile,28,30.0,2,MOBS-GLEAM_FLUH
2023-02-04,wk inc flu hosp,2023-02-25,0.8,quantile,28,28.0,3,MOBS-GLEAM_FLUH
2023-02-04,wk inc flu hosp,2023-02-04,0.85,quantile,28,39.0,0,MOBS-GLEAM_FLUH
2023-02-04,wk inc flu hosp,2023-02-11,0.85,quantile,28,35.0,1,MOBS-GLEAM_FLUH
2023-02-04,wk inc flu hosp,2023-02-18,0.85,quantile,28,32.0,2,MOBS-GLEAM_FLUH
2023-02-04,wk inc flu hosp,2023-02-25,0.85,quantile,28,30.0,3,MOBS-GLEAM_FLUH
2023-02-04,wk inc flu hosp,2023-02-04,0.9,quantile,28,43.0,0,MOBS-GLEAM_FLUH
2023-02-04,wk inc flu hosp,2023-02-11,0.9,quantile,28,39.0,1,MOBS-GLEAM_FLUH
2023-02-04,wk inc flu hosp,2023-02-18,0.9,quantile,28,36.0,2,MOBS-GLEAM_FLUH
2023-02-04,wk inc flu hosp,2023-02-25,0.9,quantile,28,34.0,3,MOBS-GLEAM_FLUH
2023-02-04,wk inc flu hosp,2023-02-04,0.95,quantile,28,50.0,0,MOBS-GLEAM_FLUH
2023-02-04,wk inc flu hosp,2023-02-11,0.95,quantile,28,44.0,1,MOBS-GLEAM_FLUH
2023-02-04,wk inc flu hosp,2023-02-18,0.95,quantile,28,41.0,2,MOBS-GLEAM_FLUH
2023-02-04,wk inc flu hosp,2023-02-25,0.95,quantile,28,39.0,3,MOBS-GLEAM_FLUH
2023-02-04,wk inc flu hosp,2023-02-04,0.975,quantile,28,56.0,0,MOBS-GLEAM_FLUH
2023-02-04,wk inc flu hosp,2023-02-11,0.975,quantile,28,50.0,1,MOBS-GLEAM_FLUH
2023-02-04,wk inc flu hosp,2023-02-18,0.975,quantile,28,46.0,2,MOBS-GLEAM_FLUH
2023-02-04,wk inc flu hosp,2023-02-25,0.975,quantile,28,44.0,3,MOBS-GLEAM_FLUH
2023-02-04,wk inc flu hosp,2023-02-04,0.99,quantile,28,64.0,0,MOBS-GLEAM_FLUH
2023-02-04,wk inc flu hosp,2023-02-11,0.99,quantile,28,57.0,1,MOBS-GLEAM_FLUH
2023-02-04,wk inc flu hosp,2023-02-18,0.99,quantile,28,53.0,2,MOBS-GLEAM_FLUH
2023-02-04,wk inc flu hosp,2023-02-25,0.99,quantile,28,50.0,3,MOBS-GLEAM_FLUH
2023-02-04,wk inc flu hosp,2023-02-04,nan,point,29,51.48749561276773,0,MOBS-GLEAM_FLUH
2023-02-04,wk inc flu hosp,2023-02-11,nan,point,29,37.74076969009066,1,MOBS-GLEAM_FLUH
2023-02-04,wk inc flu hosp,2023-02-18,nan,point,29,28.843615363808503,2,MOBS-GLEAM_FLUH
2023-02-04,wk inc flu hosp,2023-02-25,nan,point,29,23.67425536592208,3,MOBS-GLEAM_FLUH
2023-02-04,wk inc flu hosp,2023-02-04,0.01,quantile,29,22.916915229430995,0,MOBS-GLEAM_FLUH
2023-02-04,wk inc flu hosp,2023-02-11,0.01,quantile,29,19.95427890950912,1,MOBS-GLEAM_FLUH
2023-02-04,wk inc flu hosp,2023-02-18,0.01,quantile,29,18.537187697523745,2,MOBS-GLEAM_FLUH
2023-02-04,wk inc flu hosp,2023-02-25,0.01,quantile,29,17.845913597452626,3,MOBS-GLEAM_FLUH
2023-02-04,wk inc flu hosp,2023-02-04,0.025,quantile,29,24.65112991033516,0,MOBS-GLEAM_FLUH
2023-02-04,wk inc flu hosp,2023-02-11,0.025,quantile,29,20.9292447199558,1,MOBS-GLEAM_FLUH
2023-02-04,wk inc flu hosp,2023-02-18,0.025,quantile,29,19.04004540355133,2,MOBS-GLEAM_FLUH
2023-02-04,wk inc flu hosp,2023-02-25,0.025,quantile,29,18.13112108265143,3,MOBS-GLEAM_FLUH
2023-02-04,wk inc flu hosp,2023-02-04,0.05,quantile,29,26.581138119806045,0,MOBS-GLEAM_FLUH
2023-02-04,wk inc flu hosp,2023-02-11,0.05,quantile,29,22.081559192973565,1,MOBS-GLEAM_FLUH
2023-02-04,wk inc flu hosp,2023-02-18,0.05,quantile,29,19.634225588848956,2,MOBS-GLEAM_FLUH
2023-02-04,wk inc flu hosp,2023-02-25,0.05,quantile,29,18.453223128170468,3,MOBS-GLEAM_FLUH
2023-02-04,wk inc flu hosp,2023-02-04,0.1,quantile,29,29.597278428418935,0,MOBS-GLEAM_FLUH
2023-02-04,wk inc flu hosp,2023-02-11,0.1,quantile,29,23.870272744911286,1,MOBS-GLEAM_FLUH
2023-02-04,wk inc flu hosp,2023-02-18,0.1,quantile,29,20.634762660523545,2,MOBS-GLEAM_FLUH
2023-02-04,wk inc flu hosp,2023-02-25,0.1,quantile,29,18.967817908014396,3,MOBS-GLEAM_FLUH
2023-02-04,wk inc flu hosp,2023-02-04,0.15,quantile,29,32.22936107524468,0,MOBS-GLEAM_FLUH
2023-02-04,wk inc flu hosp,2023-02-11,0.15,quantile,29,25.46677316394147,1,MOBS-GLEAM_FLUH
2023-02-04,wk inc flu hosp,2023-02-18,0.15,quantile,29,21.548182413960905,2,MOBS-GLEAM_FLUH
2023-02-04,wk inc flu hosp,2023-02-25,0.15,quantile,29,19.45705304202316,3,MOBS-GLEAM_FLUH
2023-02-04,wk inc flu hosp,2023-02-04,0.2,quantile,29,34.87838230490036,0,MOBS-GLEAM_FLUH
2023-02-04,wk inc flu hosp,2023-02-11,0.2,quantile,29,27.079193635594848,1,MOBS-GLEAM_FLUH
2023-02-04,wk inc flu hosp,2023-02-18,0.2,quantile,29,22.439700329574045,2,MOBS-GLEAM_FLUH
2023-02-04,wk inc flu hosp,2023-02-25,0.2,quantile,29,19.939277309544213,3,MOBS-GLEAM_FLUH
2023-02-04,wk inc flu hosp,2023-02-04,0.25,quantile,29,37.580389854504006,0,MOBS-GLEAM_FLUH
2023-02-04,wk inc flu hosp,2023-02-11,0.25,quantile,29,28.6941217195092,1,MOBS-GLEAM_FLUH
2023-02-04,wk inc flu hosp,2023-02-18,0.25,quantile,29,23.319563007138207,2,MOBS-GLEAM_FLUH
2023-02-04,wk inc flu hosp,2023-02-25,0.25,quantile,29,20.43026840358209,3,MOBS-GLEAM_FLUH
2023-02-04,wk inc flu hosp,2023-02-04,0.3,quantile,29,40.2130809117124,0,MOBS-GLEAM_FLUH
2023-02-04,wk inc flu hosp,2023-02-11,0.3,quantile,29,30.320310556345703,1,MOBS-GLEAM_FLUH
2023-02-04,wk inc flu hosp,2023-02-18,0.3,quantile,29,24.266210072873164,2,MOBS-GLEAM_FLUH
2023-02-04,wk inc flu hosp,2023-02-25,0.3,quantile,29,20.97034842861007,3,MOBS-GLEAM_FLUH
2023-02-04,wk inc flu hosp,2023-02-04,0.35,quantile,29,42.73784230034559,0,MOBS-GLEAM_FLUH
2023-02-04,wk inc flu hosp,2023-02-11,0.35,quantile,29,31.990322891233944,1,MOBS-GLEAM_FLUH
2023-02-04,wk inc flu hosp,2023-02-18,0.35,quantile,29,25.27169185363163,2,MOBS-GLEAM_FLUH
2023-02-04,wk inc flu hosp,2023-02-25,0.35,quantile,29,21.5520297238964,3,MOBS-GLEAM_FLUH
2023-02-04,wk inc flu hosp,2023-02-04,0.4,quantile,29,45.38463398154458,0,MOBS-GLEAM_FLUH
2023-02-04,wk inc flu hosp,2023-02-11,0.4,quantile,29,33.69736712231297,1,MOBS-GLEAM_FLUH
2023-02-04,wk inc flu hosp,2023-02-18,0.4,quantile,29,26.36964815042463,2,MOBS-GLEAM_FLUH
2023-02-04,wk inc flu hosp,2023-02-25,0.4,quantile,29,22.15214661030225,3,MOBS-GLEAM_FLUH
2023-02-04,wk inc flu hosp,2023-02-04,0.45,quantile,29,48.33152619589704,0,MOBS-GLEAM_FLUH
2023-02-04,wk inc flu hosp,2023-02-11,0.45,quantile,29,35.605584262483056,1,MOBS-GLEAM_FLUH
2023-02-04,wk inc flu hosp,2023-02-18,0.45,quantile,29,27.513145178369143,2,MOBS-GLEAM_FLUH
2023-02-04,wk inc flu hosp,2023-02-25,0.45,quantile,29,22.86662520340706,3,MOBS-GLEAM_FLUH
2023-02-04,wk inc flu hosp,2023-02-04,0.5,quantile,29,51.48749561276773,0,MOBS-GLEAM_FLUH
2023-02-04,wk inc flu hosp,2023-02-11,0.5,quantile,29,37.74076969009066,1,MOBS-GLEAM_FLUH
2023-02-04,wk inc flu hosp,2023-02-18,0.5,quantile,29,28.843615363808503,2,MOBS-GLEAM_FLUH
2023-02-04,wk inc flu hosp,2023-02-25,0.5,quantile,29,23.67425536592208,3,MOBS-GLEAM_FLUH
2023-02-04,wk inc flu hosp,2023-02-04,0.55,quantile,29,54.85809373818326,0,MOBS-GLEAM_FLUH
2023-02-04,wk inc flu hosp,2023-02-11,0.55,quantile,29,40.072390773930536,1,MOBS-GLEAM_FLUH
2023-02-04,wk inc flu hosp,2023-02-18,0.55,quantile,29,30.36873583813647,2,MOBS-GLEAM_FLUH
2023-02-04,wk inc flu hosp,2023-02-25,0.55,quantile,29,24.57779909179309,3,MOBS-GLEAM_FLUH
2023-02-04,wk inc flu hosp,2023-02-04,0.6,quantile,29,58.66673571340624,0,MOBS-GLEAM_FLUH
2023-02-04,wk inc flu hosp,2023-02-11,0.6,quantile,29,42.737239927256574,1,MOBS-GLEAM_FLUH
2023-02-04,wk inc flu hosp,2023-02-18,0.6,quantile,29,32.10631358853028,2,MOBS-GLEAM_FLUH
2023-02-04,wk inc flu hosp,2023-02-25,0.6,quantile,29,25.60821459598722,3,MOBS-GLEAM_FLUH
2023-02-04,wk inc flu hosp,2023-02-04,0.65,quantile,29,62.82584839857382,0,MOBS-GLEAM_FLUH
2023-02-04,wk inc flu hosp,2023-02-11,0.65,quantile,29,45.774146296213246,1,MOBS-GLEAM_FLUH
2023-02-04,wk inc flu hosp,2023-02-18,0.65,quantile,29,34.047138982711736,2,MOBS-GLEAM_FLUH
2023-02-04,wk inc flu hosp,2023-02-25,0.65,quantile,29,26.804953204034888,3,MOBS-GLEAM_FLUH
2023-02-04,wk inc flu hosp,2023-02-04,0.7,quantile,29,67.83187118864609,0,MOBS-GLEAM_FLUH
2023-02-04,wk inc flu hosp,2023-02-11,0.7,quantile,29,49.22118775707568,1,MOBS-GLEAM_FLUH
2023-02-04,wk inc flu hosp,2023-02-18,0.7,quantile,29,36.28859232182244,2,MOBS-GLEAM_FLUH
2023-02-04,wk inc flu hosp,2023-02-25,0.7,quantile,29,28.2057313219487,3,MOBS-GLEAM_FLUH
2023-02-04,wk inc flu hosp,2023-02-04,0.75,quantile,29,73.50602101827397,0,MOBS-GLEAM_FLUH
2023-02-04,wk inc flu hosp,2023-02-11,0.75,quantile,29,53.46105153649713,1,MOBS-GLEAM_FLUH
2023-02-04,wk inc flu hosp,2023-02-18,0.75,quantile,29,38.983380784614106,2,MOBS-GLEAM_FLUH
2023-02-04,wk inc flu hosp,2023-02-25,0.75,quantile,29,29.94451628977772,3,MOBS-GLEAM_FLUH
2023-02-04,wk inc flu hosp,2023-02-04,0.8,quantile,29,80.24561896425486,0,MOBS-GLEAM_FLUH
2023-02-04,wk inc flu hosp,2023-02-11,0.8,quantile,29,58.307215040708925,1,MOBS-GLEAM_FLUH
2023-02-04,wk inc flu hosp,2023-02-18,0.8,quantile,29,42.37798028474872,2,MOBS-GLEAM_FLUH
2023-02-04,wk inc flu hosp,2023-02-25,0.8,quantile,29,32.165694231188525,3,MOBS-GLEAM_FLUH
2023-02-04,wk inc flu hosp,2023-02-04,0.85,quantile,29,88.44130450082572,0,MOBS-GLEAM_FLUH
2023-02-04,wk inc flu hosp,2023-02-11,0.85,quantile,29,64.28609993905255,1,MOBS-GLEAM_FLUH
2023-02-04,wk inc flu hosp,2023-02-18,0.85,quantile,29,46.686818196910856,2,MOBS-GLEAM_FLUH
2023-02-04,wk inc flu hosp,2023-02-25,0.85,quantile,29,34.8828173902204,3,MOBS-GLEAM_FLUH
2023-02-04,wk inc flu hosp,2023-02-04,0.9,quantile,29,98.59243110600252,0,MOBS-GLEAM_FLUH
2023-02-04,wk inc flu hosp,2023-02-11,0.9,quantile,29,72.09193993150241,1,MOBS-GLEAM_FLUH
2023-02-04,wk inc flu hosp,2023-02-18,0.9,quantile,29,51.91810648868104,2,MOBS-GLEAM_FLUH
2023-02-04,wk inc flu hosp,2023-02-25,0.9,quantile,29,38.197040957690014,3,MOBS-GLEAM_FLUH
2023-02-04,wk inc flu hosp,2023-02-04,0.95,quantile,29,114.6136445459054,0,MOBS-GLEAM_FLUH
2023-02-04,wk inc flu hosp,2023-02-11,0.95,quantile,29,84.17071953790946,1,MOBS-GLEAM_FLUH
2023-02-04,wk inc flu hosp,2023-02-18,0.95,quantile,29,60.132195074322254,2,MOBS-GLEAM_FLUH
2023-02-04,wk inc flu hosp,2023-02-25,0.95,quantile,29,43.57826747692698,3,MOBS-GLEAM_FLUH
2023-02-04,wk inc flu hosp,2023-02-04,0.975,quantile,29,130.04197843657187,0,MOBS-GLEAM_FLUH
2023-02-04,wk inc flu hosp,2023-02-11,0.975,quantile,29,96.4423209130455,1,MOBS-GLEAM_FLUH
2023-02-04,wk inc flu hosp,2023-02-18,0.975,quantile,29,69.08571713304569,2,MOBS-GLEAM_FLUH
2023-02-04,wk inc flu hosp,2023-02-25,0.975,quantile,29,49.39542193187624,3,MOBS-GLEAM_FLUH
2023-02-04,wk inc flu hosp,2023-02-04,0.99,quantile,29,146.44423338111577,0,MOBS-GLEAM_FLUH
2023-02-04,wk inc flu hosp,2023-02-11,0.99,quantile,29,111.10652912910165,1,MOBS-GLEAM_FLUH
2023-02-04,wk inc flu hosp,2023-02-18,0.99,quantile,29,79.1880230356526,2,MOBS-GLEAM_FLUH
2023-02-04,wk inc flu hosp,2023-02-25,0.99,quantile,29,57.015662089471526,3,MOBS-GLEAM_FLUH
2023-02-04,wk inc flu hosp,2023-02-04,nan,point,30,15.147957642476449,0,MOBS-GLEAM_FLUH
2023-02-04,wk inc flu hosp,2023-02-11,nan,point,30,11.067445815408604,1,MOBS-GLEAM_FLUH
2023-02-04,wk inc flu hosp,2023-02-18,nan,point,30,7.89884317522652,2,MOBS-GLEAM_FLUH
2023-02-04,wk inc flu hosp,2023-02-25,nan,point,30,5.359592294654954,3,MOBS-GLEAM_FLUH
2023-02-04,wk inc flu hosp,2023-02-04,0.01,quantile,30,3.528622030053815,0,MOBS-GLEAM_FLUH
2023-02-04,wk inc flu hosp,2023-02-11,0.01,quantile,30,1.741027264838759,1,MOBS-GLEAM_FLUH
2023-02-04,wk inc flu hosp,2023-02-18,0.01,quantile,30,0.7194698077126638,2,MOBS-GLEAM_FLUH
2023-02-04,wk inc flu hosp,2023-02-25,0.01,quantile,30,0.0647197883948787,3,MOBS-GLEAM_FLUH
2023-02-04,wk inc flu hosp,2023-02-04,0.025,quantile,30,4.581798605684497,0,MOBS-GLEAM_FLUH
2023-02-04,wk inc flu hosp,2023-02-11,0.025,quantile,30,2.484738798844506,1,MOBS-GLEAM_FLUH
2023-02-04,wk inc flu hosp,2023-02-18,0.025,quantile,30,1.226774951648283,2,MOBS-GLEAM_FLUH
2023-02-04,wk inc flu hosp,2023-02-25,0.025,quantile,30,0.4817015890393547,3,MOBS-GLEAM_FLUH
2023-02-04,wk inc flu hosp,2023-02-04,0.05,quantile,30,5.577605835037349,0,MOBS-GLEAM_FLUH
2023-02-04,wk inc flu hosp,2023-02-11,0.05,quantile,30,3.315295397311256,1,MOBS-GLEAM_FLUH
2023-02-04,wk inc flu hosp,2023-02-18,0.05,quantile,30,1.7748413899779334,2,MOBS-GLEAM_FLUH
2023-02-04,wk inc flu hosp,2023-02-25,0.05,quantile,30,0.8760638488794682,3,MOBS-GLEAM_FLUH
2023-02-04,wk inc flu hosp,2023-02-04,0.1,quantile,30,7.004800744952656,0,MOBS-GLEAM_FLUH
2023-02-04,wk inc flu hosp,2023-02-11,0.1,quantile,30,4.430882538447626,1,MOBS-GLEAM_FLUH
2023-02-04,wk inc flu hosp,2023-02-18,0.1,quantile,30,2.613226801712831,2,MOBS-GLEAM_FLUH
2023-02-04,wk inc flu hosp,2023-02-25,0.1,quantile,30,1.4098000000000002,3,MOBS-GLEAM_FLUH
2023-02-04,wk inc flu hosp,2023-02-04,0.15,quantile,30,8.194219966614293,0,MOBS-GLEAM_FLUH
2023-02-04,wk inc flu hosp,2023-02-11,0.15,quantile,30,5.374926712431512,1,MOBS-GLEAM_FLUH
2023-02-04,wk inc flu hosp,2023-02-18,0.15,quantile,30,3.328633848660416,2,MOBS-GLEAM_FLUH
2023-02-04,wk inc flu hosp,2023-02-25,0.15,quantile,30,1.920244960158485,3,MOBS-GLEAM_FLUH
2023-02-04,wk inc flu hosp,2023-02-04,0.2,quantile,30,9.213722238515327,0,MOBS-GLEAM_FLUH
2023-02-04,wk inc flu hosp,2023-02-11,0.2,quantile,30,6.190714468491697,1,MOBS-GLEAM_FLUH
2023-02-04,wk inc flu hosp,2023-02-18,0.2,quantile,30,3.9548723547882623,2,MOBS-GLEAM_FLUH
2023-02-04,wk inc flu hosp,2023-02-25,0.2,quantile,30,2.387064569030687,3,MOBS-GLEAM_FLUH
2023-02-04,wk inc flu hosp,2023-02-04,0.25,quantile,30,10.18359600989658,0,MOBS-GLEAM_FLUH
2023-02-04,wk inc flu hosp,2023-02-11,0.25,quantile,30,6.98909004481495,1,MOBS-GLEAM_FLUH
2023-02-04,wk inc flu hosp,2023-02-18,0.25,quantile,30,4.608313359369699,2,MOBS-GLEAM_FLUH
2023-02-04,wk inc flu hosp,2023-02-25,0.25,quantile,30,2.8630654155666195,3,MOBS-GLEAM_FLUH
2023-02-04,wk inc flu hosp,2023-02-04,0.3,quantile,30,11.147320496155103,0,MOBS-GLEAM_FLUH
2023-02-04,wk inc flu hosp,2023-02-11,0.3,quantile,30,7.742101865262005,1,MOBS-GLEAM_FLUH
2023-02-04,wk inc flu hosp,2023-02-18,0.3,quantile,30,5.23595623517708,2,MOBS-GLEAM_FLUH
2023-02-04,wk inc flu hosp,2023-02-25,0.3,quantile,30,3.3363184105065637,3,MOBS-GLEAM_FLUH
2023-02-04,wk inc flu hosp,2023-02-04,0.35,quantile,30,12.083226286036668,0,MOBS-GLEAM_FLUH
2023-02-04,wk inc flu hosp,2023-02-11,0.35,quantile,30,8.51384290170699,1,MOBS-GLEAM_FLUH
2023-02-04,wk inc flu hosp,2023-02-18,0.35,quantile,30,5.864947409217629,2,MOBS-GLEAM_FLUH
2023-02-04,wk inc flu hosp,2023-02-25,0.35,quantile,30,3.80949939459484,3,MOBS-GLEAM_FLUH
2023-02-04,wk inc flu hosp,2023-02-04,0.4,quantile,30,13.03822034461104,0,MOBS-GLEAM_FLUH
2023-02-04,wk inc flu hosp,2023-02-11,0.4,quantile,30,9.35560391784296,1,MOBS-GLEAM_FLUH
2023-02-04,wk inc flu hosp,2023-02-18,0.4,quantile,30,6.505773302975679,2,MOBS-GLEAM_FLUH
2023-02-04,wk inc flu hosp,2023-02-25,0.4,quantile,30,4.288636100701029,3,MOBS-GLEAM_FLUH
2023-02-04,wk inc flu hosp,2023-02-04,0.45,quantile,30,14.063747713691631,0,MOBS-GLEAM_FLUH
2023-02-04,wk inc flu hosp,2023-02-11,0.45,quantile,30,10.179198419650875,1,MOBS-GLEAM_FLUH
2023-02-04,wk inc flu hosp,2023-02-18,0.45,quantile,30,7.204386158976235,2,MOBS-GLEAM_FLUH
2023-02-04,wk inc flu hosp,2023-02-25,0.45,quantile,30,4.803692621638329,3,MOBS-GLEAM_FLUH
2023-02-04,wk inc flu hosp,2023-02-04,0.5,quantile,30,15.147957642476449,0,MOBS-GLEAM_FLUH
2023-02-04,wk inc flu hosp,2023-02-11,0.5,quantile,30,11.067445815408604,1,MOBS-GLEAM_FLUH
2023-02-04,wk inc flu hosp,2023-02-18,0.5,quantile,30,7.89884317522652,2,MOBS-GLEAM_FLUH
2023-02-04,wk inc flu hosp,2023-02-25,0.5,quantile,30,5.359592294654954,3,MOBS-GLEAM_FLUH
2023-02-04,wk inc flu hosp,2023-02-04,0.55,quantile,30,16.26487165616949,0,MOBS-GLEAM_FLUH
2023-02-04,wk inc flu hosp,2023-02-11,0.55,quantile,30,12.03174538892384,1,MOBS-GLEAM_FLUH
2023-02-04,wk inc flu hosp,2023-02-18,0.55,quantile,30,8.662991852336114,2,MOBS-GLEAM_FLUH
2023-02-04,wk inc flu hosp,2023-02-25,0.55,quantile,30,5.95024109907284,3,MOBS-GLEAM_FLUH
2023-02-04,wk inc flu hosp,2023-02-04,0.6,quantile,30,17.436282637836417,0,MOBS-GLEAM_FLUH
2023-02-04,wk inc flu hosp,2023-02-11,0.6,quantile,30,13.023501409019095,1,MOBS-GLEAM_FLUH
2023-02-04,wk inc flu hosp,2023-02-18,0.6,quantile,30,9.507035535890836,2,MOBS-GLEAM_FLUH
2023-02-04,wk inc flu hosp,2023-02-25,0.6,quantile,30,6.605354285498304,3,MOBS-GLEAM_FLUH
2023-02-04,wk inc flu hosp,2023-02-04,0.65,quantile,30,18.755229330961136,0,MOBS-GLEAM_FLUH
2023-02-04,wk inc flu hosp,2023-02-11,0.65,quantile,30,14.173694665876395,1,MOBS-GLEAM_FLUH
2023-02-04,wk inc flu hosp,2023-02-18,0.65,quantile,30,10.410713632322986,2,MOBS-GLEAM_FLUH
2023-02-04,wk inc flu hosp,2023-02-25,0.65,quantile,30,7.303739373695934,3,MOBS-GLEAM_FLUH
2023-02-04,wk inc flu hosp,2023-02-04,0.7,quantile,30,20.24371750288275,0,MOBS-GLEAM_FLUH
2023-02-04,wk inc flu hosp,2023-02-11,0.7,quantile,30,15.396916813355276,1,MOBS-GLEAM_FLUH
2023-02-04,wk inc flu hosp,2023-02-18,0.7,quantile,30,11.453800893427289,2,MOBS-GLEAM_FLUH
2023-02-04,wk inc flu hosp,2023-02-25,0.7,quantile,30,8.080226689662611,3,MOBS-GLEAM_FLUH
2023-02-04,wk inc flu hosp,2023-02-04,0.75,quantile,30,21.96435613191349,0,MOBS-GLEAM_FLUH
2023-02-04,wk inc flu hosp,2023-02-11,0.75,quantile,30,16.867911369180636,1,MOBS-GLEAM_FLUH
2023-02-04,wk inc flu hosp,2023-02-18,0.75,quantile,30,12.642712709591391,2,MOBS-GLEAM_FLUH
2023-02-04,wk inc flu hosp,2023-02-25,0.75,quantile,30,8.953646299230673,3,MOBS-GLEAM_FLUH
2023-02-04,wk inc flu hosp,2023-02-04,0.8,quantile,30,23.85238555962057,0,MOBS-GLEAM_FLUH
2023-02-04,wk inc flu hosp,2023-02-11,0.8,quantile,30,18.538600323288104,1,MOBS-GLEAM_FLUH
2023-02-04,wk inc flu hosp,2023-02-18,0.8,quantile,30,14.008006814130828,2,MOBS-GLEAM_FLUH
2023-02-04,wk inc flu hosp,2023-02-25,0.8,quantile,30,10.02621992447575,3,MOBS-GLEAM_FLUH
2023-02-04,wk inc flu hosp,2023-02-04,0.85,quantile,30,26.16156647911219,0,MOBS-GLEAM_FLUH
2023-02-04,wk inc flu hosp,2023-02-11,0.85,quantile,30,20.483394383539835,1,MOBS-GLEAM_FLUH
2023-02-04,wk inc flu hosp,2023-02-18,0.85,quantile,30,15.613593220478972,2,MOBS-GLEAM_FLUH
2023-02-04,wk inc flu hosp,2023-02-25,0.85,quantile,30,11.282713930634833,3,MOBS-GLEAM_FLUH
2023-02-04,wk inc flu hosp,2023-02-04,0.9,quantile,30,28.9528077036956,0,MOBS-GLEAM_FLUH
2023-02-04,wk inc flu hosp,2023-02-11,0.9,quantile,30,22.920435069952443,1,MOBS-GLEAM_FLUH
2023-02-04,wk inc flu hosp,2023-02-18,0.9,quantile,30,17.732107392083858,2,MOBS-GLEAM_FLUH
2023-02-04,wk inc flu hosp,2023-02-25,0.9,quantile,30,12.870925045223238,3,MOBS-GLEAM_FLUH
2023-02-04,wk inc flu hosp,2023-02-04,0.95,quantile,30,33.10786745385692,0,MOBS-GLEAM_FLUH
2023-02-04,wk inc flu hosp,2023-02-11,0.95,quantile,30,26.634061310731312,1,MOBS-GLEAM_FLUH
2023-02-04,wk inc flu hosp,2023-02-18,0.95,quantile,30,20.82331938443229,2,MOBS-GLEAM_FLUH
2023-02-04,wk inc flu hosp,2023-02-25,0.95,quantile,30,15.397496077752232,3,MOBS-GLEAM_FLUH
2023-02-04,wk inc flu hosp,2023-02-04,0.975,quantile,30,36.48306611320856,0,MOBS-GLEAM_FLUH
2023-02-04,wk inc flu hosp,2023-02-11,0.975,quantile,30,29.850512523520276,1,MOBS-GLEAM_FLUH
2023-02-04,wk inc flu hosp,2023-02-18,0.975,quantile,30,23.494449650555048,2,MOBS-GLEAM_FLUH
2023-02-04,wk inc flu hosp,2023-02-25,0.975,quantile,30,17.761127985972045,3,MOBS-GLEAM_FLUH
2023-02-04,wk inc flu hosp,2023-02-04,0.99,quantile,30,40.228025904337386,0,MOBS-GLEAM_FLUH
2023-02-04,wk inc flu hosp,2023-02-11,0.99,quantile,30,33.077739381972904,1,MOBS-GLEAM_FLUH
2023-02-04,wk inc flu hosp,2023-02-18,0.99,quantile,30,26.54519510039028,2,MOBS-GLEAM_FLUH
2023-02-04,wk inc flu hosp,2023-02-25,0.99,quantile,30,20.373379975129776,3,MOBS-GLEAM_FLUH
2023-02-04,wk inc flu hosp,2023-02-04,nan,point,31,15.0,0,MOBS-GLEAM_FLUH
2023-02-04,wk inc flu hosp,2023-02-11,nan,point,31,9.0,1,MOBS-GLEAM_FLUH
2023-02-04,wk inc flu hosp,2023-02-18,nan,point,31,5.0,2,MOBS-GLEAM_FLUH
2023-02-04,wk inc flu hosp,2023-02-25,nan,point,31,3.0,3,MOBS-GLEAM_FLUH
2023-02-04,wk inc flu hosp,2023-02-04,0.01,quantile,31,2.0,0,MOBS-GLEAM_FLUH
2023-02-04,wk inc flu hosp,2023-02-11,0.01,quantile,31,1.0,1,MOBS-GLEAM_FLUH
2023-02-04,wk inc flu hosp,2023-02-18,0.01,quantile,31,0.0,2,MOBS-GLEAM_FLUH
2023-02-04,wk inc flu hosp,2023-02-25,0.01,quantile,31,0.0,3,MOBS-GLEAM_FLUH
2023-02-04,wk inc flu hosp,2023-02-04,0.025,quantile,31,4.0,0,MOBS-GLEAM_FLUH
2023-02-04,wk inc flu hosp,2023-02-11,0.025,quantile,31,2.0,1,MOBS-GLEAM_FLUH
2023-02-04,wk inc flu hosp,2023-02-18,0.025,quantile,31,1.0,2,MOBS-GLEAM_FLUH
2023-02-04,wk inc flu hosp,2023-02-25,0.025,quantile,31,0.0,3,MOBS-GLEAM_FLUH
2023-02-04,wk inc flu hosp,2023-02-04,0.05,quantile,31,5.0,0,MOBS-GLEAM_FLUH
2023-02-04,wk inc flu hosp,2023-02-11,0.05,quantile,31,2.0,1,MOBS-GLEAM_FLUH
2023-02-04,wk inc flu hosp,2023-02-18,0.05,quantile,31,1.0,2,MOBS-GLEAM_FLUH
2023-02-04,wk inc flu hosp,2023-02-25,0.05,quantile,31,0.0,3,MOBS-GLEAM_FLUH
2023-02-04,wk inc flu hosp,2023-02-04,0.1,quantile,31,7.0,0,MOBS-GLEAM_FLUH
2023-02-04,wk inc flu hosp,2023-02-11,0.1,quantile,31,3.0,1,MOBS-GLEAM_FLUH
2023-02-04,wk inc flu hosp,2023-02-18,0.1,quantile,31,2.0,2,MOBS-GLEAM_FLUH
2023-02-04,wk inc flu hosp,2023-02-25,0.1,quantile,31,1.0,3,MOBS-GLEAM_FLUH
2023-02-04,wk inc flu hosp,2023-02-04,0.15,quantile,31,8.0,0,MOBS-GLEAM_FLUH
2023-02-04,wk inc flu hosp,2023-02-11,0.15,quantile,31,4.0,1,MOBS-GLEAM_FLUH
2023-02-04,wk inc flu hosp,2023-02-18,0.15,quantile,31,2.0,2,MOBS-GLEAM_FLUH
2023-02-04,wk inc flu hosp,2023-02-25,0.15,quantile,31,1.0,3,MOBS-GLEAM_FLUH
2023-02-04,wk inc flu hosp,2023-02-04,0.2,quantile,31,9.0,0,MOBS-GLEAM_FLUH
2023-02-04,wk inc flu hosp,2023-02-11,0.2,quantile,31,5.0,1,MOBS-GLEAM_FLUH
2023-02-04,wk inc flu hosp,2023-02-18,0.2,quantile,31,3.0,2,MOBS-GLEAM_FLUH
2023-02-04,wk inc flu hosp,2023-02-25,0.2,quantile,31,2.0,3,MOBS-GLEAM_FLUH
2023-02-04,wk inc flu hosp,2023-02-04,0.25,quantile,31,10.0,0,MOBS-GLEAM_FLUH
2023-02-04,wk inc flu hosp,2023-02-11,0.25,quantile,31,6.0,1,MOBS-GLEAM_FLUH
2023-02-04,wk inc flu hosp,2023-02-18,0.25,quantile,31,3.0,2,MOBS-GLEAM_FLUH
2023-02-04,wk inc flu hosp,2023-02-25,0.25,quantile,31,2.0,3,MOBS-GLEAM_FLUH
2023-02-04,wk inc flu hosp,2023-02-04,0.3,quantile,31,11.0,0,MOBS-GLEAM_FLUH
2023-02-04,wk inc flu hosp,2023-02-11,0.3,quantile,31,6.0,1,MOBS-GLEAM_FLUH
2023-02-04,wk inc flu hosp,2023-02-18,0.3,quantile,31,4.0,2,MOBS-GLEAM_FLUH
2023-02-04,wk inc flu hosp,2023-02-25,0.3,quantile,31,2.0,3,MOBS-GLEAM_FLUH
2023-02-04,wk inc flu hosp,2023-02-04,0.35,quantile,31,12.0,0,MOBS-GLEAM_FLUH
2023-02-04,wk inc flu hosp,2023-02-11,0.35,quantile,31,7.0,1,MOBS-GLEAM_FLUH
2023-02-04,wk inc flu hosp,2023-02-18,0.35,quantile,31,4.0,2,MOBS-GLEAM_FLUH
2023-02-04,wk inc flu hosp,2023-02-25,0.35,quantile,31,2.0,3,MOBS-GLEAM_FLUH
2023-02-04,wk inc flu hosp,2023-02-04,0.4,quantile,31,13.0,0,MOBS-GLEAM_FLUH
2023-02-04,wk inc flu hosp,2023-02-11,0.4,quantile,31,7.0,1,MOBS-GLEAM_FLUH
2023-02-04,wk inc flu hosp,2023-02-18,0.4,quantile,31,4.0,2,MOBS-GLEAM_FLUH
2023-02-04,wk inc flu hosp,2023-02-25,0.4,quantile,31,3.0,3,MOBS-GLEAM_FLUH
2023-02-04,wk inc flu hosp,2023-02-04,0.45,quantile,31,14.0,0,MOBS-GLEAM_FLUH
2023-02-04,wk inc flu hosp,2023-02-11,0.45,quantile,31,8.0,1,MOBS-GLEAM_FLUH
2023-02-04,wk inc flu hosp,2023-02-18,0.45,quantile,31,5.0,2,MOBS-GLEAM_FLUH
2023-02-04,wk inc flu hosp,2023-02-25,0.45,quantile,31,3.0,3,MOBS-GLEAM_FLUH
2023-02-04,wk inc flu hosp,2023-02-04,0.5,quantile,31,15.0,0,MOBS-GLEAM_FLUH
2023-02-04,wk inc flu hosp,2023-02-11,0.5,quantile,31,9.0,1,MOBS-GLEAM_FLUH
2023-02-04,wk inc flu hosp,2023-02-18,0.5,quantile,31,5.0,2,MOBS-GLEAM_FLUH
2023-02-04,wk inc flu hosp,2023-02-25,0.5,quantile,31,3.0,3,MOBS-GLEAM_FLUH
2023-02-04,wk inc flu hosp,2023-02-04,0.55,quantile,31,16.0,0,MOBS-GLEAM_FLUH
2023-02-04,wk inc flu hosp,2023-02-11,0.55,quantile,31,9.0,1,MOBS-GLEAM_FLUH
2023-02-04,wk inc flu hosp,2023-02-18,0.55,quantile,31,6.0,2,MOBS-GLEAM_FLUH
2023-02-04,wk inc flu hosp,2023-02-25,0.55,quantile,31,4.0,3,MOBS-GLEAM_FLUH
2023-02-04,wk inc flu hosp,2023-02-04,0.6,quantile,31,17.0,0,MOBS-GLEAM_FLUH
2023-02-04,wk inc flu hosp,2023-02-11,0.6,quantile,31,10.0,1,MOBS-GLEAM_FLUH
2023-02-04,wk inc flu hosp,2023-02-18,0.6,quantile,31,6.0,2,MOBS-GLEAM_FLUH
2023-02-04,wk inc flu hosp,2023-02-25,0.6,quantile,31,4.0,3,MOBS-GLEAM_FLUH
2023-02-04,wk inc flu hosp,2023-02-04,0.65,quantile,31,18.0,0,MOBS-GLEAM_FLUH
2023-02-04,wk inc flu hosp,2023-02-11,0.65,quantile,31,11.0,1,MOBS-GLEAM_FLUH
2023-02-04,wk inc flu hosp,2023-02-18,0.65,quantile,31,7.0,2,MOBS-GLEAM_FLUH
2023-02-04,wk inc flu hosp,2023-02-25,0.65,quantile,31,4.0,3,MOBS-GLEAM_FLUH
2023-02-04,wk inc flu hosp,2023-02-04,0.7,quantile,31,19.0,0,MOBS-GLEAM_FLUH
2023-02-04,wk inc flu hosp,2023-02-11,0.7,quantile,31,12.0,1,MOBS-GLEAM_FLUH
2023-02-04,wk inc flu hosp,2023-02-18,0.7,quantile,31,7.0,2,MOBS-GLEAM_FLUH
2023-02-04,wk inc flu hosp,2023-02-25,0.7,quantile,31,5.0,3,MOBS-GLEAM_FLUH
2023-02-04,wk inc flu hosp,2023-02-04,0.75,quantile,31,21.0,0,MOBS-GLEAM_FLUH
2023-02-04,wk inc flu hosp,2023-02-11,0.75,quantile,31,12.0,1,MOBS-GLEAM_FLUH
2023-02-04,wk inc flu hosp,2023-02-18,0.75,quantile,31,8.0,2,MOBS-GLEAM_FLUH
2023-02-04,wk inc flu hosp,2023-02-25,0.75,quantile,31,5.0,3,MOBS-GLEAM_FLUH
2023-02-04,wk inc flu hosp,2023-02-04,0.8,quantile,31,22.0,0,MOBS-GLEAM_FLUH
2023-02-04,wk inc flu hosp,2023-02-11,0.8,quantile,31,14.0,1,MOBS-GLEAM_FLUH
2023-02-04,wk inc flu hosp,2023-02-18,0.8,quantile,31,8.0,2,MOBS-GLEAM_FLUH
2023-02-04,wk inc flu hosp,2023-02-25,0.8,quantile,31,6.0,3,MOBS-GLEAM_FLUH
2023-02-04,wk inc flu hosp,2023-02-04,0.85,quantile,31,24.0,0,MOBS-GLEAM_FLUH
2023-02-04,wk inc flu hosp,2023-02-11,0.85,quantile,31,15.0,1,MOBS-GLEAM_FLUH
2023-02-04,wk inc flu hosp,2023-02-18,0.85,quantile,31,9.0,2,MOBS-GLEAM_FLUH
2023-02-04,wk inc flu hosp,2023-02-25,0.85,quantile,31,6.0,3,MOBS-GLEAM_FLUH
2023-02-04,wk inc flu hosp,2023-02-04,0.9,quantile,31,27.0,0,MOBS-GLEAM_FLUH
2023-02-04,wk inc flu hosp,2023-02-11,0.9,quantile,31,17.0,1,MOBS-GLEAM_FLUH
2023-02-04,wk inc flu hosp,2023-02-18,0.9,quantile,31,11.0,2,MOBS-GLEAM_FLUH
2023-02-04,wk inc flu hosp,2023-02-25,0.9,quantile,31,7.0,3,MOBS-GLEAM_FLUH
2023-02-04,wk inc flu hosp,2023-02-04,0.95,quantile,31,31.0,0,MOBS-GLEAM_FLUH
2023-02-04,wk inc flu hosp,2023-02-11,0.95,quantile,31,19.0,1,MOBS-GLEAM_FLUH
2023-02-04,wk inc flu hosp,2023-02-18,0.95,quantile,31,12.0,2,MOBS-GLEAM_FLUH
2023-02-04,wk inc flu hosp,2023-02-25,0.95,quantile,31,9.0,3,MOBS-GLEAM_FLUH
2023-02-04,wk inc flu hosp,2023-02-04,0.975,quantile,31,35.0,0,MOBS-GLEAM_FLUH
2023-02-04,wk inc flu hosp,2023-02-11,0.975,quantile,31,22.0,1,MOBS-GLEAM_FLUH
2023-02-04,wk inc flu hosp,2023-02-18,0.975,quantile,31,14.0,2,MOBS-GLEAM_FLUH
2023-02-04,wk inc flu hosp,2023-02-25,0.975,quantile,31,10.0,3,MOBS-GLEAM_FLUH
2023-02-04,wk inc flu hosp,2023-02-04,0.99,quantile,31,40.0,0,MOBS-GLEAM_FLUH
2023-02-04,wk inc flu hosp,2023-02-11,0.99,quantile,31,25.0,1,MOBS-GLEAM_FLUH
2023-02-04,wk inc flu hosp,2023-02-18,0.99,quantile,31,16.0,2,MOBS-GLEAM_FLUH
2023-02-04,wk inc flu hosp,2023-02-25,0.99,quantile,31,12.0,3,MOBS-GLEAM_FLUH
2023-02-04,wk inc flu hosp,2023-02-04,nan,point,32,5.0,0,MOBS-GLEAM_FLUH
2023-02-04,wk inc flu hosp,2023-02-11,nan,point,32,4.0,1,MOBS-GLEAM_FLUH
2023-02-04,wk inc flu hosp,2023-02-18,nan,point,32,3.0,2,MOBS-GLEAM_FLUH
2023-02-04,wk inc flu hosp,2023-02-25,nan,point,32,3.0,3,MOBS-GLEAM_FLUH
2023-02-04,wk inc flu hosp,2023-02-04,0.01,quantile,32,0.0,0,MOBS-GLEAM_FLUH
2023-02-04,wk inc flu hosp,2023-02-11,0.01,quantile,32,0.0,1,MOBS-GLEAM_FLUH
2023-02-04,wk inc flu hosp,2023-02-18,0.01,quantile,32,0.0,2,MOBS-GLEAM_FLUH
2023-02-04,wk inc flu hosp,2023-02-25,0.01,quantile,32,0.0,3,MOBS-GLEAM_FLUH
2023-02-04,wk inc flu hosp,2023-02-04,0.025,quantile,32,0.0,0,MOBS-GLEAM_FLUH
2023-02-04,wk inc flu hosp,2023-02-11,0.025,quantile,32,0.0,1,MOBS-GLEAM_FLUH
2023-02-04,wk inc flu hosp,2023-02-18,0.025,quantile,32,0.0,2,MOBS-GLEAM_FLUH
2023-02-04,wk inc flu hosp,2023-02-25,0.025,quantile,32,0.0,3,MOBS-GLEAM_FLUH
2023-02-04,wk inc flu hosp,2023-02-04,0.05,quantile,32,1.0,0,MOBS-GLEAM_FLUH
2023-02-04,wk inc flu hosp,2023-02-11,0.05,quantile,32,0.0,1,MOBS-GLEAM_FLUH
2023-02-04,wk inc flu hosp,2023-02-18,0.05,quantile,32,0.0,2,MOBS-GLEAM_FLUH
2023-02-04,wk inc flu hosp,2023-02-25,0.05,quantile,32,0.0,3,MOBS-GLEAM_FLUH
2023-02-04,wk inc flu hosp,2023-02-04,0.1,quantile,32,2.0,0,MOBS-GLEAM_FLUH
2023-02-04,wk inc flu hosp,2023-02-11,0.1,quantile,32,1.0,1,MOBS-GLEAM_FLUH
2023-02-04,wk inc flu hosp,2023-02-18,0.1,quantile,32,1.0,2,MOBS-GLEAM_FLUH
2023-02-04,wk inc flu hosp,2023-02-25,0.1,quantile,32,1.0,3,MOBS-GLEAM_FLUH
2023-02-04,wk inc flu hosp,2023-02-04,0.15,quantile,32,2.0,0,MOBS-GLEAM_FLUH
2023-02-04,wk inc flu hosp,2023-02-11,0.15,quantile,32,1.0,1,MOBS-GLEAM_FLUH
2023-02-04,wk inc flu hosp,2023-02-18,0.15,quantile,32,1.0,2,MOBS-GLEAM_FLUH
2023-02-04,wk inc flu hosp,2023-02-25,0.15,quantile,32,1.0,3,MOBS-GLEAM_FLUH
2023-02-04,wk inc flu hosp,2023-02-04,0.2,quantile,32,3.0,0,MOBS-GLEAM_FLUH
2023-02-04,wk inc flu hosp,2023-02-11,0.2,quantile,32,2.0,1,MOBS-GLEAM_FLUH
2023-02-04,wk inc flu hosp,2023-02-18,0.2,quantile,32,1.0,2,MOBS-GLEAM_FLUH
2023-02-04,wk inc flu hosp,2023-02-25,0.2,quantile,32,1.0,3,MOBS-GLEAM_FLUH
2023-02-04,wk inc flu hosp,2023-02-04,0.25,quantile,32,3.0,0,MOBS-GLEAM_FLUH
2023-02-04,wk inc flu hosp,2023-02-11,0.25,quantile,32,2.0,1,MOBS-GLEAM_FLUH
2023-02-04,wk inc flu hosp,2023-02-18,0.25,quantile,32,2.0,2,MOBS-GLEAM_FLUH
2023-02-04,wk inc flu hosp,2023-02-25,0.25,quantile,32,1.0,3,MOBS-GLEAM_FLUH
2023-02-04,wk inc flu hosp,2023-02-04,0.3,quantile,32,3.0,0,MOBS-GLEAM_FLUH
2023-02-04,wk inc flu hosp,2023-02-11,0.3,quantile,32,2.0,1,MOBS-GLEAM_FLUH
2023-02-04,wk inc flu hosp,2023-02-18,0.3,quantile,32,2.0,2,MOBS-GLEAM_FLUH
2023-02-04,wk inc flu hosp,2023-02-25,0.3,quantile,32,2.0,3,MOBS-GLEAM_FLUH
2023-02-04,wk inc flu hosp,2023-02-04,0.35,quantile,32,4.0,0,MOBS-GLEAM_FLUH
2023-02-04,wk inc flu hosp,2023-02-11,0.35,quantile,32,3.0,1,MOBS-GLEAM_FLUH
2023-02-04,wk inc flu hosp,2023-02-18,0.35,quantile,32,2.0,2,MOBS-GLEAM_FLUH
2023-02-04,wk inc flu hosp,2023-02-25,0.35,quantile,32,2.0,3,MOBS-GLEAM_FLUH
2023-02-04,wk inc flu hosp,2023-02-04,0.4,quantile,32,4.0,0,MOBS-GLEAM_FLUH
2023-02-04,wk inc flu hosp,2023-02-11,0.4,quantile,32,3.0,1,MOBS-GLEAM_FLUH
2023-02-04,wk inc flu hosp,2023-02-18,0.4,quantile,32,2.0,2,MOBS-GLEAM_FLUH
2023-02-04,wk inc flu hosp,2023-02-25,0.4,quantile,32,2.0,3,MOBS-GLEAM_FLUH
2023-02-04,wk inc flu hosp,2023-02-04,0.45,quantile,32,4.0,0,MOBS-GLEAM_FLUH
2023-02-04,wk inc flu hosp,2023-02-11,0.45,quantile,32,3.0,1,MOBS-GLEAM_FLUH
2023-02-04,wk inc flu hosp,2023-02-18,0.45,quantile,32,3.0,2,MOBS-GLEAM_FLUH
2023-02-04,wk inc flu hosp,2023-02-25,0.45,quantile,32,2.0,3,MOBS-GLEAM_FLUH
2023-02-04,wk inc flu hosp,2023-02-04,0.5,quantile,32,5.0,0,MOBS-GLEAM_FLUH
2023-02-04,wk inc flu hosp,2023-02-11,0.5,quantile,32,4.0,1,MOBS-GLEAM_FLUH
2023-02-04,wk inc flu hosp,2023-02-18,0.5,quantile,32,3.0,2,MOBS-GLEAM_FLUH
2023-02-04,wk inc flu hosp,2023-02-25,0.5,quantile,32,3.0,3,MOBS-GLEAM_FLUH
2023-02-04,wk inc flu hosp,2023-02-04,0.55,quantile,32,5.0,0,MOBS-GLEAM_FLUH
2023-02-04,wk inc flu hosp,2023-02-11,0.55,quantile,32,4.0,1,MOBS-GLEAM_FLUH
2023-02-04,wk inc flu hosp,2023-02-18,0.55,quantile,32,3.0,2,MOBS-GLEAM_FLUH
2023-02-04,wk inc flu hosp,2023-02-25,0.55,quantile,32,3.0,3,MOBS-GLEAM_FLUH
2023-02-04,wk inc flu hosp,2023-02-04,0.6,quantile,32,6.0,0,MOBS-GLEAM_FLUH
2023-02-04,wk inc flu hosp,2023-02-11,0.6,quantile,32,4.0,1,MOBS-GLEAM_FLUH
2023-02-04,wk inc flu hosp,2023-02-18,0.6,quantile,32,3.0,2,MOBS-GLEAM_FLUH
2023-02-04,wk inc flu hosp,2023-02-25,0.6,quantile,32,3.0,3,MOBS-GLEAM_FLUH
2023-02-04,wk inc flu hosp,2023-02-04,0.65,quantile,32,6.0,0,MOBS-GLEAM_FLUH
2023-02-04,wk inc flu hosp,2023-02-11,0.65,quantile,32,5.0,1,MOBS-GLEAM_FLUH
2023-02-04,wk inc flu hosp,2023-02-18,0.65,quantile,32,4.0,2,MOBS-GLEAM_FLUH
2023-02-04,wk inc flu hosp,2023-02-25,0.65,quantile,32,3.0,3,MOBS-GLEAM_FLUH
2023-02-04,wk inc flu hosp,2023-02-04,0.7,quantile,32,7.0,0,MOBS-GLEAM_FLUH
2023-02-04,wk inc flu hosp,2023-02-11,0.7,quantile,32,5.0,1,MOBS-GLEAM_FLUH
2023-02-04,wk inc flu hosp,2023-02-18,0.7,quantile,32,4.0,2,MOBS-GLEAM_FLUH
2023-02-04,wk inc flu hosp,2023-02-25,0.7,quantile,32,4.0,3,MOBS-GLEAM_FLUH
2023-02-04,wk inc flu hosp,2023-02-04,0.75,quantile,32,7.0,0,MOBS-GLEAM_FLUH
2023-02-04,wk inc flu hosp,2023-02-11,0.75,quantile,32,5.0,1,MOBS-GLEAM_FLUH
2023-02-04,wk inc flu hosp,2023-02-18,0.75,quantile,32,5.0,2,MOBS-GLEAM_FLUH
2023-02-04,wk inc flu hosp,2023-02-25,0.75,quantile,32,4.0,3,MOBS-GLEAM_FLUH
2023-02-04,wk inc flu hosp,2023-02-04,0.8,quantile,32,8.0,0,MOBS-GLEAM_FLUH
2023-02-04,wk inc flu hosp,2023-02-11,0.8,quantile,32,6.0,1,MOBS-GLEAM_FLUH
2023-02-04,wk inc flu hosp,2023-02-18,0.8,quantile,32,5.0,2,MOBS-GLEAM_FLUH
2023-02-04,wk inc flu hosp,2023-02-25,0.8,quantile,32,5.0,3,MOBS-GLEAM_FLUH
2023-02-04,wk inc flu hosp,2023-02-04,0.85,quantile,32,9.0,0,MOBS-GLEAM_FLUH
2023-02-04,wk inc flu hosp,2023-02-11,0.85,quantile,32,7.0,1,MOBS-GLEAM_FLUH
2023-02-04,wk inc flu hosp,2023-02-18,0.85,quantile,32,6.0,2,MOBS-GLEAM_FLUH
2023-02-04,wk inc flu hosp,2023-02-25,0.85,quantile,32,5.0,3,MOBS-GLEAM_FLUH
2023-02-04,wk inc flu hosp,2023-02-04,0.9,quantile,32,10.0,0,MOBS-GLEAM_FLUH
2023-02-04,wk inc flu hosp,2023-02-11,0.9,quantile,32,8.0,1,MOBS-GLEAM_FLUH
2023-02-04,wk inc flu hosp,2023-02-18,0.9,quantile,32,6.0,2,MOBS-GLEAM_FLUH
2023-02-04,wk inc flu hosp,2023-02-25,0.9,quantile,32,6.0,3,MOBS-GLEAM_FLUH
2023-02-04,wk inc flu hosp,2023-02-04,0.95,quantile,32,12.0,0,MOBS-GLEAM_FLUH
2023-02-04,wk inc flu hosp,2023-02-11,0.95,quantile,32,9.0,1,MOBS-GLEAM_FLUH
2023-02-04,wk inc flu hosp,2023-02-18,0.95,quantile,32,8.0,2,MOBS-GLEAM_FLUH
2023-02-04,wk inc flu hosp,2023-02-25,0.95,quantile,32,7.0,3,MOBS-GLEAM_FLUH
2023-02-04,wk inc flu hosp,2023-02-04,0.975,quantile,32,13.0,0,MOBS-GLEAM_FLUH
2023-02-04,wk inc flu hosp,2023-02-11,0.975,quantile,32,10.0,1,MOBS-GLEAM_FLUH
2023-02-04,wk inc flu hosp,2023-02-18,0.975,quantile,32,9.0,2,MOBS-GLEAM_FLUH
2023-02-04,wk inc flu hosp,2023-02-25,0.975,quantile,32,8.0,3,MOBS-GLEAM_FLUH
2023-02-04,wk inc flu hosp,2023-02-04,0.99,quantile,32,15.0,0,MOBS-GLEAM_FLUH
2023-02-04,wk inc flu hosp,2023-02-11,0.99,quantile,32,12.0,1,MOBS-GLEAM_FLUH
2023-02-04,wk inc flu hosp,2023-02-18,0.99,quantile,32,10.0,2,MOBS-GLEAM_FLUH
2023-02-04,wk inc flu hosp,2023-02-25,0.99,quantile,32,10.0,3,MOBS-GLEAM_FLUH
2023-02-04,wk inc flu hosp,2023-02-04,nan,point,33,14.0,0,MOBS-GLEAM_FLUH
2023-02-04,wk inc flu hosp,2023-02-11,nan,point,33,8.0,1,MOBS-GLEAM_FLUH
2023-02-04,wk inc flu hosp,2023-02-18,nan,point,33,5.0,2,MOBS-GLEAM_FLUH
2023-02-04,wk inc flu hosp,2023-02-25,nan,point,33,3.0,3,MOBS-GLEAM_FLUH
2023-02-04,wk inc flu hosp,2023-02-04,0.01,quantile,33,2.0,0,MOBS-GLEAM_FLUH
2023-02-04,wk inc flu hosp,2023-02-11,0.01,quantile,33,1.0,1,MOBS-GLEAM_FLUH
2023-02-04,wk inc flu hosp,2023-02-18,0.01,quantile,33,0.0,2,MOBS-GLEAM_FLUH
2023-02-04,wk inc flu hosp,2023-02-25,0.01,quantile,33,0.0,3,MOBS-GLEAM_FLUH
2023-02-04,wk inc flu hosp,2023-02-04,0.025,quantile,33,3.0,0,MOBS-GLEAM_FLUH
2023-02-04,wk inc flu hosp,2023-02-11,0.025,quantile,33,1.0,1,MOBS-GLEAM_FLUH
2023-02-04,wk inc flu hosp,2023-02-18,0.025,quantile,33,0.0,2,MOBS-GLEAM_FLUH
2023-02-04,wk inc flu hosp,2023-02-25,0.025,quantile,33,0.0,3,MOBS-GLEAM_FLUH
2023-02-04,wk inc flu hosp,2023-02-04,0.05,quantile,33,5.0,0,MOBS-GLEAM_FLUH
2023-02-04,wk inc flu hosp,2023-02-11,0.05,quantile,33,2.0,1,MOBS-GLEAM_FLUH
2023-02-04,wk inc flu hosp,2023-02-18,0.05,quantile,33,1.0,2,MOBS-GLEAM_FLUH
2023-02-04,wk inc flu hosp,2023-02-25,0.05,quantile,33,0.0,3,MOBS-GLEAM_FLUH
2023-02-04,wk inc flu hosp,2023-02-04,0.1,quantile,33,6.0,0,MOBS-GLEAM_FLUH
2023-02-04,wk inc flu hosp,2023-02-11,0.1,quantile,33,3.0,1,MOBS-GLEAM_FLUH
2023-02-04,wk inc flu hosp,2023-02-18,0.1,quantile,33,1.0,2,MOBS-GLEAM_FLUH
2023-02-04,wk inc flu hosp,2023-02-25,0.1,quantile,33,1.0,3,MOBS-GLEAM_FLUH
2023-02-04,wk inc flu hosp,2023-02-04,0.15,quantile,33,7.0,0,MOBS-GLEAM_FLUH
2023-02-04,wk inc flu hosp,2023-02-11,0.15,quantile,33,4.0,1,MOBS-GLEAM_FLUH
2023-02-04,wk inc flu hosp,2023-02-18,0.15,quantile,33,2.0,2,MOBS-GLEAM_FLUH
2023-02-04,wk inc flu hosp,2023-02-25,0.15,quantile,33,1.0,3,MOBS-GLEAM_FLUH
2023-02-04,wk inc flu hosp,2023-02-04,0.2,quantile,33,8.0,0,MOBS-GLEAM_FLUH
2023-02-04,wk inc flu hosp,2023-02-11,0.2,quantile,33,5.0,1,MOBS-GLEAM_FLUH
2023-02-04,wk inc flu hosp,2023-02-18,0.2,quantile,33,2.0,2,MOBS-GLEAM_FLUH
2023-02-04,wk inc flu hosp,2023-02-25,0.2,quantile,33,1.0,3,MOBS-GLEAM_FLUH
2023-02-04,wk inc flu hosp,2023-02-04,0.25,quantile,33,9.0,0,MOBS-GLEAM_FLUH
2023-02-04,wk inc flu hosp,2023-02-11,0.25,quantile,33,5.0,1,MOBS-GLEAM_FLUH
2023-02-04,wk inc flu hosp,2023-02-18,0.25,quantile,33,3.0,2,MOBS-GLEAM_FLUH
2023-02-04,wk inc flu hosp,2023-02-25,0.25,quantile,33,1.0,3,MOBS-GLEAM_FLUH
2023-02-04,wk inc flu hosp,2023-02-04,0.3,quantile,33,10.0,0,MOBS-GLEAM_FLUH
2023-02-04,wk inc flu hosp,2023-02-11,0.3,quantile,33,6.0,1,MOBS-GLEAM_FLUH
2023-02-04,wk inc flu hosp,2023-02-18,0.3,quantile,33,3.0,2,MOBS-GLEAM_FLUH
2023-02-04,wk inc flu hosp,2023-02-25,0.3,quantile,33,2.0,3,MOBS-GLEAM_FLUH
2023-02-04,wk inc flu hosp,2023-02-04,0.35,quantile,33,11.0,0,MOBS-GLEAM_FLUH
2023-02-04,wk inc flu hosp,2023-02-11,0.35,quantile,33,6.0,1,MOBS-GLEAM_FLUH
2023-02-04,wk inc flu hosp,2023-02-18,0.35,quantile,33,4.0,2,MOBS-GLEAM_FLUH
2023-02-04,wk inc flu hosp,2023-02-25,0.35,quantile,33,2.0,3,MOBS-GLEAM_FLUH
2023-02-04,wk inc flu hosp,2023-02-04,0.4,quantile,33,12.0,0,MOBS-GLEAM_FLUH
2023-02-04,wk inc flu hosp,2023-02-11,0.4,quantile,33,7.0,1,MOBS-GLEAM_FLUH
2023-02-04,wk inc flu hosp,2023-02-18,0.4,quantile,33,4.0,2,MOBS-GLEAM_FLUH
2023-02-04,wk inc flu hosp,2023-02-25,0.4,quantile,33,2.0,3,MOBS-GLEAM_FLUH
2023-02-04,wk inc flu hosp,2023-02-04,0.45,quantile,33,13.0,0,MOBS-GLEAM_FLUH
2023-02-04,wk inc flu hosp,2023-02-11,0.45,quantile,33,7.0,1,MOBS-GLEAM_FLUH
2023-02-04,wk inc flu hosp,2023-02-18,0.45,quantile,33,4.0,2,MOBS-GLEAM_FLUH
2023-02-04,wk inc flu hosp,2023-02-25,0.45,quantile,33,3.0,3,MOBS-GLEAM_FLUH
2023-02-04,wk inc flu hosp,2023-02-04,0.5,quantile,33,14.0,0,MOBS-GLEAM_FLUH
2023-02-04,wk inc flu hosp,2023-02-11,0.5,quantile,33,8.0,1,MOBS-GLEAM_FLUH
2023-02-04,wk inc flu hosp,2023-02-18,0.5,quantile,33,5.0,2,MOBS-GLEAM_FLUH
2023-02-04,wk inc flu hosp,2023-02-25,0.5,quantile,33,3.0,3,MOBS-GLEAM_FLUH
2023-02-04,wk inc flu hosp,2023-02-04,0.55,quantile,33,15.0,0,MOBS-GLEAM_FLUH
2023-02-04,wk inc flu hosp,2023-02-11,0.55,quantile,33,9.0,1,MOBS-GLEAM_FLUH
2023-02-04,wk inc flu hosp,2023-02-18,0.55,quantile,33,5.0,2,MOBS-GLEAM_FLUH
2023-02-04,wk inc flu hosp,2023-02-25,0.55,quantile,33,3.0,3,MOBS-GLEAM_FLUH
2023-02-04,wk inc flu hosp,2023-02-04,0.6,quantile,33,16.0,0,MOBS-GLEAM_FLUH
2023-02-04,wk inc flu hosp,2023-02-11,0.6,quantile,33,9.0,1,MOBS-GLEAM_FLUH
2023-02-04,wk inc flu hosp,2023-02-18,0.6,quantile,33,5.0,2,MOBS-GLEAM_FLUH
2023-02-04,wk inc flu hosp,2023-02-25,0.6,quantile,33,3.0,3,MOBS-GLEAM_FLUH
2023-02-04,wk inc flu hosp,2023-02-04,0.65,quantile,33,17.0,0,MOBS-GLEAM_FLUH
2023-02-04,wk inc flu hosp,2023-02-11,0.65,quantile,33,10.0,1,MOBS-GLEAM_FLUH
2023-02-04,wk inc flu hosp,2023-02-18,0.65,quantile,33,6.0,2,MOBS-GLEAM_FLUH
2023-02-04,wk inc flu hosp,2023-02-25,0.65,quantile,33,4.0,3,MOBS-GLEAM_FLUH
2023-02-04,wk inc flu hosp,2023-02-04,0.7,quantile,33,18.0,0,MOBS-GLEAM_FLUH
2023-02-04,wk inc flu hosp,2023-02-11,0.7,quantile,33,11.0,1,MOBS-GLEAM_FLUH
2023-02-04,wk inc flu hosp,2023-02-18,0.7,quantile,33,6.0,2,MOBS-GLEAM_FLUH
2023-02-04,wk inc flu hosp,2023-02-25,0.7,quantile,33,4.0,3,MOBS-GLEAM_FLUH
2023-02-04,wk inc flu hosp,2023-02-04,0.75,quantile,33,19.0,0,MOBS-GLEAM_FLUH
2023-02-04,wk inc flu hosp,2023-02-11,0.75,quantile,33,11.0,1,MOBS-GLEAM_FLUH
2023-02-04,wk inc flu hosp,2023-02-18,0.75,quantile,33,7.0,2,MOBS-GLEAM_FLUH
2023-02-04,wk inc flu hosp,2023-02-25,0.75,quantile,33,4.0,3,MOBS-GLEAM_FLUH
2023-02-04,wk inc flu hosp,2023-02-04,0.8,quantile,33,21.0,0,MOBS-GLEAM_FLUH
2023-02-04,wk inc flu hosp,2023-02-11,0.8,quantile,33,12.0,1,MOBS-GLEAM_FLUH
2023-02-04,wk inc flu hosp,2023-02-18,0.8,quantile,33,8.0,2,MOBS-GLEAM_FLUH
2023-02-04,wk inc flu hosp,2023-02-25,0.8,quantile,33,5.0,3,MOBS-GLEAM_FLUH
2023-02-04,wk inc flu hosp,2023-02-04,0.85,quantile,33,23.0,0,MOBS-GLEAM_FLUH
2023-02-04,wk inc flu hosp,2023-02-11,0.85,quantile,33,14.0,1,MOBS-GLEAM_FLUH
2023-02-04,wk inc flu hosp,2023-02-18,0.85,quantile,33,8.0,2,MOBS-GLEAM_FLUH
2023-02-04,wk inc flu hosp,2023-02-25,0.85,quantile,33,5.0,3,MOBS-GLEAM_FLUH
2023-02-04,wk inc flu hosp,2023-02-04,0.9,quantile,33,25.0,0,MOBS-GLEAM_FLUH
2023-02-04,wk inc flu hosp,2023-02-11,0.9,quantile,33,15.0,1,MOBS-GLEAM_FLUH
2023-02-04,wk inc flu hosp,2023-02-18,0.9,quantile,33,9.0,2,MOBS-GLEAM_FLUH
2023-02-04,wk inc flu hosp,2023-02-25,0.9,quantile,33,6.0,3,MOBS-GLEAM_FLUH
2023-02-04,wk inc flu hosp,2023-02-04,0.95,quantile,33,29.0,0,MOBS-GLEAM_FLUH
2023-02-04,wk inc flu hosp,2023-02-11,0.95,quantile,33,18.0,1,MOBS-GLEAM_FLUH
2023-02-04,wk inc flu hosp,2023-02-18,0.95,quantile,33,11.0,2,MOBS-GLEAM_FLUH
2023-02-04,wk inc flu hosp,2023-02-25,0.95,quantile,33,7.0,3,MOBS-GLEAM_FLUH
2023-02-04,wk inc flu hosp,2023-02-04,0.975,quantile,33,33.0,0,MOBS-GLEAM_FLUH
2023-02-04,wk inc flu hosp,2023-02-11,0.975,quantile,33,20.0,1,MOBS-GLEAM_FLUH
2023-02-04,wk inc flu hosp,2023-02-18,0.975,quantile,33,13.0,2,MOBS-GLEAM_FLUH
2023-02-04,wk inc flu hosp,2023-02-25,0.975,quantile,33,9.0,3,MOBS-GLEAM_FLUH
2023-02-04,wk inc flu hosp,2023-02-04,0.99,quantile,33,38.0,0,MOBS-GLEAM_FLUH
2023-02-04,wk inc flu hosp,2023-02-11,0.99,quantile,33,23.0,1,MOBS-GLEAM_FLUH
2023-02-04,wk inc flu hosp,2023-02-18,0.99,quantile,33,15.0,2,MOBS-GLEAM_FLUH
2023-02-04,wk inc flu hosp,2023-02-25,0.99,quantile,33,10.0,3,MOBS-GLEAM_FLUH
2023-02-04,wk inc flu hosp,2023-02-04,nan,point,34,58.34341869978967,0,MOBS-GLEAM_FLUH
2023-02-04,wk inc flu hosp,2023-02-11,nan,point,34,40.37959297501472,1,MOBS-GLEAM_FLUH
2023-02-04,wk inc flu hosp,2023-02-18,nan,point,34,27.662573523864147,2,MOBS-GLEAM_FLUH
2023-02-04,wk inc flu hosp,2023-02-25,nan,point,34,19.563222675172053,3,MOBS-GLEAM_FLUH
2023-02-04,wk inc flu hosp,2023-02-04,0.01,quantile,34,20.85249099469365,0,MOBS-GLEAM_FLUH
2023-02-04,wk inc flu hosp,2023-02-11,0.01,quantile,34,15.944887163519606,1,MOBS-GLEAM_FLUH
2023-02-04,wk inc flu hosp,2023-02-18,0.01,quantile,34,13.070144304914242,2,MOBS-GLEAM_FLUH
2023-02-04,wk inc flu hosp,2023-02-25,0.01,quantile,34,11.513563898114192,3,MOBS-GLEAM_FLUH
2023-02-04,wk inc flu hosp,2023-02-04,0.025,quantile,34,23.01649143636543,0,MOBS-GLEAM_FLUH
2023-02-04,wk inc flu hosp,2023-02-11,0.025,quantile,34,17.3011499509399,1,MOBS-GLEAM_FLUH
2023-02-04,wk inc flu hosp,2023-02-18,0.025,quantile,34,13.818714417310744,2,MOBS-GLEAM_FLUH
2023-02-04,wk inc flu hosp,2023-02-25,0.025,quantile,34,11.9106783990974,3,MOBS-GLEAM_FLUH
2023-02-04,wk inc flu hosp,2023-02-04,0.05,quantile,34,25.94911569579156,0,MOBS-GLEAM_FLUH
2023-02-04,wk inc flu hosp,2023-02-11,0.05,quantile,34,19.01674599857121,1,MOBS-GLEAM_FLUH
2023-02-04,wk inc flu hosp,2023-02-18,0.05,quantile,34,14.758937958159567,2,MOBS-GLEAM_FLUH
2023-02-04,wk inc flu hosp,2023-02-25,0.05,quantile,34,12.36656872502724,3,MOBS-GLEAM_FLUH
2023-02-04,wk inc flu hosp,2023-02-04,0.1,quantile,34,30.507235733799387,0,MOBS-GLEAM_FLUH
2023-02-04,wk inc flu hosp,2023-02-11,0.1,quantile,34,21.86375417240369,1,MOBS-GLEAM_FLUH
2023-02-04,wk inc flu hosp,2023-02-18,0.1,quantile,34,16.359912831563374,2,MOBS-GLEAM_FLUH
2023-02-04,wk inc flu hosp,2023-02-25,0.1,quantile,34,13.192536075055749,3,MOBS-GLEAM_FLUH
2023-02-04,wk inc flu hosp,2023-02-04,0.15,quantile,34,34.10256979152699,0,MOBS-GLEAM_FLUH
2023-02-04,wk inc flu hosp,2023-02-11,0.15,quantile,34,24.29224973265667,1,MOBS-GLEAM_FLUH
2023-02-04,wk inc flu hosp,2023-02-18,0.15,quantile,34,17.82860459816815,2,MOBS-GLEAM_FLUH
2023-02-04,wk inc flu hosp,2023-02-25,0.15,quantile,34,13.99669443862462,3,MOBS-GLEAM_FLUH
2023-02-04,wk inc flu hosp,2023-02-04,0.2,quantile,34,37.286987761923086,0,MOBS-GLEAM_FLUH
2023-02-04,wk inc flu hosp,2023-02-11,0.2,quantile,34,26.458804359917607,1,MOBS-GLEAM_FLUH
2023-02-04,wk inc flu hosp,2023-02-18,0.2,quantile,34,19.172299908951064,2,MOBS-GLEAM_FLUH
2023-02-04,wk inc flu hosp,2023-02-25,0.2,quantile,34,14.723233535657824,3,MOBS-GLEAM_FLUH
2023-02-04,wk inc flu hosp,2023-02-04,0.25,quantile,34,40.44240810078075,0,MOBS-GLEAM_FLUH
2023-02-04,wk inc flu hosp,2023-02-11,0.25,quantile,34,28.58538063442236,1,MOBS-GLEAM_FLUH
2023-02-04,wk inc flu hosp,2023-02-18,0.25,quantile,34,20.42979791168644,2,MOBS-GLEAM_FLUH
2023-02-04,wk inc flu hosp,2023-02-25,0.25,quantile,34,15.437908712755464,3,MOBS-GLEAM_FLUH
2023-02-04,wk inc flu hosp,2023-02-04,0.3,quantile,34,43.622173906387744,0,MOBS-GLEAM_FLUH
2023-02-04,wk inc flu hosp,2023-02-11,0.3,quantile,34,30.639635620443,1,MOBS-GLEAM_FLUH
2023-02-04,wk inc flu hosp,2023-02-18,0.3,quantile,34,21.691524902182064,2,MOBS-GLEAM_FLUH
2023-02-04,wk inc flu hosp,2023-02-25,0.3,quantile,34,16.140651744631427,3,MOBS-GLEAM_FLUH
2023-02-04,wk inc flu hosp,2023-02-04,0.35,quantile,34,46.8997493771467,0,MOBS-GLEAM_FLUH
2023-02-04,wk inc flu hosp,2023-02-11,0.35,quantile,34,32.75899216149794,1,MOBS-GLEAM_FLUH
2023-02-04,wk inc flu hosp,2023-02-18,0.35,quantile,34,22.963326870281897,2,MOBS-GLEAM_FLUH
2023-02-04,wk inc flu hosp,2023-02-25,0.35,quantile,34,16.856031738145326,3,MOBS-GLEAM_FLUH
2023-02-04,wk inc flu hosp,2023-02-04,0.4,quantile,34,50.46544351963828,0,MOBS-GLEAM_FLUH
2023-02-04,wk inc flu hosp,2023-02-11,0.4,quantile,34,35.10205681501695,1,MOBS-GLEAM_FLUH
2023-02-04,wk inc flu hosp,2023-02-18,0.4,quantile,34,24.385062627135884,2,MOBS-GLEAM_FLUH
2023-02-04,wk inc flu hosp,2023-02-25,0.4,quantile,34,17.609066455121337,3,MOBS-GLEAM_FLUH
2023-02-04,wk inc flu hosp,2023-02-04,0.45,quantile,34,54.263360308350045,0,MOBS-GLEAM_FLUH
2023-02-04,wk inc flu hosp,2023-02-11,0.45,quantile,34,37.63846280134752,1,MOBS-GLEAM_FLUH
2023-02-04,wk inc flu hosp,2023-02-18,0.45,quantile,34,25.908973646614367,2,MOBS-GLEAM_FLUH
2023-02-04,wk inc flu hosp,2023-02-25,0.45,quantile,34,18.511831015856487,3,MOBS-GLEAM_FLUH
2023-02-04,wk inc flu hosp,2023-02-04,0.5,quantile,34,58.34341869978967,0,MOBS-GLEAM_FLUH
2023-02-04,wk inc flu hosp,2023-02-11,0.5,quantile,34,40.37959297501472,1,MOBS-GLEAM_FLUH
2023-02-04,wk inc flu hosp,2023-02-18,0.5,quantile,34,27.662573523864147,2,MOBS-GLEAM_FLUH
2023-02-04,wk inc flu hosp,2023-02-25,0.5,quantile,34,19.563222675172053,3,MOBS-GLEAM_FLUH
2023-02-04,wk inc flu hosp,2023-02-04,0.55,quantile,34,62.63084376444266,0,MOBS-GLEAM_FLUH
2023-02-04,wk inc flu hosp,2023-02-11,0.55,quantile,34,43.35112807864101,1,MOBS-GLEAM_FLUH
2023-02-04,wk inc flu hosp,2023-02-18,0.55,quantile,34,29.65150333344799,2,MOBS-GLEAM_FLUH
2023-02-04,wk inc flu hosp,2023-02-25,0.55,quantile,34,20.730395596147368,3,MOBS-GLEAM_FLUH
2023-02-04,wk inc flu hosp,2023-02-04,0.6,quantile,34,67.08733039962586,0,MOBS-GLEAM_FLUH
2023-02-04,wk inc flu hosp,2023-02-11,0.6,quantile,34,46.61341862145821,1,MOBS-GLEAM_FLUH
2023-02-04,wk inc flu hosp,2023-02-18,0.6,quantile,34,31.81022919494531,2,MOBS-GLEAM_FLUH
2023-02-04,wk inc flu hosp,2023-02-25,0.6,quantile,34,22.05368759126226,3,MOBS-GLEAM_FLUH
2023-02-04,wk inc flu hosp,2023-02-04,0.65,quantile,34,72.04996733924,0,MOBS-GLEAM_FLUH
2023-02-04,wk inc flu hosp,2023-02-11,0.65,quantile,34,50.49440271651888,1,MOBS-GLEAM_FLUH
2023-02-04,wk inc flu hosp,2023-02-18,0.65,quantile,34,34.36460091072793,2,MOBS-GLEAM_FLUH
2023-02-04,wk inc flu hosp,2023-02-25,0.65,quantile,34,23.49729334443557,3,MOBS-GLEAM_FLUH
2023-02-04,wk inc flu hosp,2023-02-04,0.7,quantile,34,77.59471314559235,0,MOBS-GLEAM_FLUH
2023-02-04,wk inc flu hosp,2023-02-11,0.7,quantile,34,54.6865388218928,1,MOBS-GLEAM_FLUH
2023-02-04,wk inc flu hosp,2023-02-18,0.7,quantile,34,37.31678624034576,2,MOBS-GLEAM_FLUH
2023-02-04,wk inc flu hosp,2023-02-25,0.7,quantile,34,25.318601435329136,3,MOBS-GLEAM_FLUH
2023-02-04,wk inc flu hosp,2023-02-04,0.75,quantile,34,83.96347034819598,0,MOBS-GLEAM_FLUH
2023-02-04,wk inc flu hosp,2023-02-11,0.75,quantile,34,59.72421197646745,1,MOBS-GLEAM_FLUH
2023-02-04,wk inc flu hosp,2023-02-18,0.75,quantile,34,40.80345164750266,2,MOBS-GLEAM_FLUH
2023-02-04,wk inc flu hosp,2023-02-25,0.75,quantile,34,27.52591750439364,3,MOBS-GLEAM_FLUH
2023-02-04,wk inc flu hosp,2023-02-04,0.8,quantile,34,91.78080944677424,0,MOBS-GLEAM_FLUH
2023-02-04,wk inc flu hosp,2023-02-11,0.8,quantile,34,65.48892987304093,1,MOBS-GLEAM_FLUH
2023-02-04,wk inc flu hosp,2023-02-18,0.8,quantile,34,44.90695875995707,2,MOBS-GLEAM_FLUH
2023-02-04,wk inc flu hosp,2023-02-25,0.8,quantile,34,30.186932865468982,3,MOBS-GLEAM_FLUH
2023-02-04,wk inc flu hosp,2023-02-04,0.85,quantile,34,100.67586430825992,0,MOBS-GLEAM_FLUH
2023-02-04,wk inc flu hosp,2023-02-11,0.85,quantile,34,72.56713474985033,1,MOBS-GLEAM_FLUH
2023-02-04,wk inc flu hosp,2023-02-18,0.85,quantile,34,50.09666746348896,2,MOBS-GLEAM_FLUH
2023-02-04,wk inc flu hosp,2023-02-25,0.85,quantile,34,33.5611672427604,3,MOBS-GLEAM_FLUH
2023-02-04,wk inc flu hosp,2023-02-04,0.9,quantile,34,113.20131341861588,0,MOBS-GLEAM_FLUH
2023-02-04,wk inc flu hosp,2023-02-11,0.9,quantile,34,82.69724236021142,1,MOBS-GLEAM_FLUH
2023-02-04,wk inc flu hosp,2023-02-18,0.9,quantile,34,57.04193458489896,2,MOBS-GLEAM_FLUH
2023-02-04,wk inc flu hosp,2023-02-25,0.9,quantile,34,37.917491332991645,3,MOBS-GLEAM_FLUH
2023-02-04,wk inc flu hosp,2023-02-04,0.95,quantile,34,129.75802104377283,0,MOBS-GLEAM_FLUH
2023-02-04,wk inc flu hosp,2023-02-11,0.95,quantile,34,96.21221842482537,1,MOBS-GLEAM_FLUH
2023-02-04,wk inc flu hosp,2023-02-18,0.95,quantile,34,66.76560413303734,2,MOBS-GLEAM_FLUH
2023-02-04,wk inc flu hosp,2023-02-25,0.95,quantile,34,44.30233014291798,3,MOBS-GLEAM_FLUH
2023-02-04,wk inc flu hosp,2023-02-04,0.975,quantile,34,144.099543365962,0,MOBS-GLEAM_FLUH
2023-02-04,wk inc flu hosp,2023-02-11,0.975,quantile,34,107.5796674610056,1,MOBS-GLEAM_FLUH
2023-02-04,wk inc flu hosp,2023-02-18,0.975,quantile,34,74.93246050331646,2,MOBS-GLEAM_FLUH
2023-02-04,wk inc flu hosp,2023-02-25,0.975,quantile,34,49.71941211508992,3,MOBS-GLEAM_FLUH
2023-02-04,wk inc flu hosp,2023-02-04,0.99,quantile,34,160.86322344893432,0,MOBS-GLEAM_FLUH
2023-02-04,wk inc flu hosp,2023-02-11,0.99,quantile,34,123.72672604825046,1,MOBS-GLEAM_FLUH
2023-02-04,wk inc flu hosp,2023-02-18,0.99,quantile,34,88.63602980380851,2,MOBS-GLEAM_FLUH
2023-02-04,wk inc flu hosp,2023-02-25,0.99,quantile,34,59.453760799073386,3,MOBS-GLEAM_FLUH
2023-02-04,wk inc flu hosp,2023-02-04,nan,point,35,10.0,0,MOBS-GLEAM_FLUH
2023-02-04,wk inc flu hosp,2023-02-11,nan,point,35,7.0,1,MOBS-GLEAM_FLUH
2023-02-04,wk inc flu hosp,2023-02-18,nan,point,35,6.0,2,MOBS-GLEAM_FLUH
2023-02-04,wk inc flu hosp,2023-02-25,nan,point,35,5.0,3,MOBS-GLEAM_FLUH
2023-02-04,wk inc flu hosp,2023-02-04,0.01,quantile,35,1.0,0,MOBS-GLEAM_FLUH
2023-02-04,wk inc flu hosp,2023-02-11,0.01,quantile,35,1.0,1,MOBS-GLEAM_FLUH
2023-02-04,wk inc flu hosp,2023-02-18,0.01,quantile,35,0.0,2,MOBS-GLEAM_FLUH
2023-02-04,wk inc flu hosp,2023-02-25,0.01,quantile,35,0.0,3,MOBS-GLEAM_FLUH
2023-02-04,wk inc flu hosp,2023-02-04,0.025,quantile,35,2.0,0,MOBS-GLEAM_FLUH
2023-02-04,wk inc flu hosp,2023-02-11,0.025,quantile,35,1.0,1,MOBS-GLEAM_FLUH
2023-02-04,wk inc flu hosp,2023-02-18,0.025,quantile,35,1.0,2,MOBS-GLEAM_FLUH
2023-02-04,wk inc flu hosp,2023-02-25,0.025,quantile,35,1.0,3,MOBS-GLEAM_FLUH
2023-02-04,wk inc flu hosp,2023-02-04,0.05,quantile,35,3.0,0,MOBS-GLEAM_FLUH
2023-02-04,wk inc flu hosp,2023-02-11,0.05,quantile,35,2.0,1,MOBS-GLEAM_FLUH
2023-02-04,wk inc flu hosp,2023-02-18,0.05,quantile,35,1.0,2,MOBS-GLEAM_FLUH
2023-02-04,wk inc flu hosp,2023-02-25,0.05,quantile,35,1.0,3,MOBS-GLEAM_FLUH
2023-02-04,wk inc flu hosp,2023-02-04,0.1,quantile,35,4.0,0,MOBS-GLEAM_FLUH
2023-02-04,wk inc flu hosp,2023-02-11,0.1,quantile,35,3.0,1,MOBS-GLEAM_FLUH
2023-02-04,wk inc flu hosp,2023-02-18,0.1,quantile,35,2.0,2,MOBS-GLEAM_FLUH
2023-02-04,wk inc flu hosp,2023-02-25,0.1,quantile,35,2.0,3,MOBS-GLEAM_FLUH
2023-02-04,wk inc flu hosp,2023-02-04,0.15,quantile,35,5.0,0,MOBS-GLEAM_FLUH
2023-02-04,wk inc flu hosp,2023-02-11,0.15,quantile,35,3.0,1,MOBS-GLEAM_FLUH
2023-02-04,wk inc flu hosp,2023-02-18,0.15,quantile,35,3.0,2,MOBS-GLEAM_FLUH
2023-02-04,wk inc flu hosp,2023-02-25,0.15,quantile,35,2.0,3,MOBS-GLEAM_FLUH
2023-02-04,wk inc flu hosp,2023-02-04,0.2,quantile,35,6.0,0,MOBS-GLEAM_FLUH
2023-02-04,wk inc flu hosp,2023-02-11,0.2,quantile,35,4.0,1,MOBS-GLEAM_FLUH
2023-02-04,wk inc flu hosp,2023-02-18,0.2,quantile,35,3.0,2,MOBS-GLEAM_FLUH
2023-02-04,wk inc flu hosp,2023-02-25,0.2,quantile,35,3.0,3,MOBS-GLEAM_FLUH
2023-02-04,wk inc flu hosp,2023-02-04,0.25,quantile,35,7.0,0,MOBS-GLEAM_FLUH
2023-02-04,wk inc flu hosp,2023-02-11,0.25,quantile,35,5.0,1,MOBS-GLEAM_FLUH
2023-02-04,wk inc flu hosp,2023-02-18,0.25,quantile,35,4.0,2,MOBS-GLEAM_FLUH
2023-02-04,wk inc flu hosp,2023-02-25,0.25,quantile,35,3.0,3,MOBS-GLEAM_FLUH
2023-02-04,wk inc flu hosp,2023-02-04,0.3,quantile,35,8.0,0,MOBS-GLEAM_FLUH
2023-02-04,wk inc flu hosp,2023-02-11,0.3,quantile,35,5.0,1,MOBS-GLEAM_FLUH
2023-02-04,wk inc flu hosp,2023-02-18,0.3,quantile,35,4.0,2,MOBS-GLEAM_FLUH
2023-02-04,wk inc flu hosp,2023-02-25,0.3,quantile,35,4.0,3,MOBS-GLEAM_FLUH
2023-02-04,wk inc flu hosp,2023-02-04,0.35,quantile,35,8.0,0,MOBS-GLEAM_FLUH
2023-02-04,wk inc flu hosp,2023-02-11,0.35,quantile,35,6.0,1,MOBS-GLEAM_FLUH
2023-02-04,wk inc flu hosp,2023-02-18,0.35,quantile,35,4.0,2,MOBS-GLEAM_FLUH
2023-02-04,wk inc flu hosp,2023-02-25,0.35,quantile,35,4.0,3,MOBS-GLEAM_FLUH
2023-02-04,wk inc flu hosp,2023-02-04,0.4,quantile,35,9.0,0,MOBS-GLEAM_FLUH
2023-02-04,wk inc flu hosp,2023-02-11,0.4,quantile,35,6.0,1,MOBS-GLEAM_FLUH
2023-02-04,wk inc flu hosp,2023-02-18,0.4,quantile,35,5.0,2,MOBS-GLEAM_FLUH
2023-02-04,wk inc flu hosp,2023-02-25,0.4,quantile,35,4.0,3,MOBS-GLEAM_FLUH
2023-02-04,wk inc flu hosp,2023-02-04,0.45,quantile,35,10.0,0,MOBS-GLEAM_FLUH
2023-02-04,wk inc flu hosp,2023-02-11,0.45,quantile,35,7.0,1,MOBS-GLEAM_FLUH
2023-02-04,wk inc flu hosp,2023-02-18,0.45,quantile,35,5.0,2,MOBS-GLEAM_FLUH
2023-02-04,wk inc flu hosp,2023-02-25,0.45,quantile,35,5.0,3,MOBS-GLEAM_FLUH
2023-02-04,wk inc flu hosp,2023-02-04,0.5,quantile,35,10.0,0,MOBS-GLEAM_FLUH
2023-02-04,wk inc flu hosp,2023-02-11,0.5,quantile,35,7.0,1,MOBS-GLEAM_FLUH
2023-02-04,wk inc flu hosp,2023-02-18,0.5,quantile,35,6.0,2,MOBS-GLEAM_FLUH
2023-02-04,wk inc flu hosp,2023-02-25,0.5,quantile,35,5.0,3,MOBS-GLEAM_FLUH
2023-02-04,wk inc flu hosp,2023-02-04,0.55,quantile,35,11.0,0,MOBS-GLEAM_FLUH
2023-02-04,wk inc flu hosp,2023-02-11,0.55,quantile,35,8.0,1,MOBS-GLEAM_FLUH
2023-02-04,wk inc flu hosp,2023-02-18,0.55,quantile,35,6.0,2,MOBS-GLEAM_FLUH
2023-02-04,wk inc flu hosp,2023-02-25,0.55,quantile,35,6.0,3,MOBS-GLEAM_FLUH
2023-02-04,wk inc flu hosp,2023-02-04,0.6,quantile,35,12.0,0,MOBS-GLEAM_FLUH
2023-02-04,wk inc flu hosp,2023-02-11,0.6,quantile,35,8.0,1,MOBS-GLEAM_FLUH
2023-02-04,wk inc flu hosp,2023-02-18,0.6,quantile,35,7.0,2,MOBS-GLEAM_FLUH
2023-02-04,wk inc flu hosp,2023-02-25,0.6,quantile,35,6.0,3,MOBS-GLEAM_FLUH
2023-02-04,wk inc flu hosp,2023-02-04,0.65,quantile,35,13.0,0,MOBS-GLEAM_FLUH
2023-02-04,wk inc flu hosp,2023-02-11,0.65,quantile,35,9.0,1,MOBS-GLEAM_FLUH
2023-02-04,wk inc flu hosp,2023-02-18,0.65,quantile,35,7.0,2,MOBS-GLEAM_FLUH
2023-02-04,wk inc flu hosp,2023-02-25,0.65,quantile,35,7.0,3,MOBS-GLEAM_FLUH
2023-02-04,wk inc flu hosp,2023-02-04,0.7,quantile,35,14.0,0,MOBS-GLEAM_FLUH
2023-02-04,wk inc flu hosp,2023-02-11,0.7,quantile,35,10.0,1,MOBS-GLEAM_FLUH
2023-02-04,wk inc flu hosp,2023-02-18,0.7,quantile,35,8.0,2,MOBS-GLEAM_FLUH
2023-02-04,wk inc flu hosp,2023-02-25,0.7,quantile,35,7.0,3,MOBS-GLEAM_FLUH
2023-02-04,wk inc flu hosp,2023-02-04,0.75,quantile,35,15.0,0,MOBS-GLEAM_FLUH
2023-02-04,wk inc flu hosp,2023-02-11,0.75,quantile,35,10.0,1,MOBS-GLEAM_FLUH
2023-02-04,wk inc flu hosp,2023-02-18,0.75,quantile,35,9.0,2,MOBS-GLEAM_FLUH
2023-02-04,wk inc flu hosp,2023-02-25,0.75,quantile,35,8.0,3,MOBS-GLEAM_FLUH
2023-02-04,wk inc flu hosp,2023-02-04,0.8,quantile,35,16.0,0,MOBS-GLEAM_FLUH
2023-02-04,wk inc flu hosp,2023-02-11,0.8,quantile,35,11.0,1,MOBS-GLEAM_FLUH
2023-02-04,wk inc flu hosp,2023-02-18,0.8,quantile,35,9.0,2,MOBS-GLEAM_FLUH
2023-02-04,wk inc flu hosp,2023-02-25,0.8,quantile,35,8.0,3,MOBS-GLEAM_FLUH
2023-02-04,wk inc flu hosp,2023-02-04,0.85,quantile,35,18.0,0,MOBS-GLEAM_FLUH
2023-02-04,wk inc flu hosp,2023-02-11,0.85,quantile,35,12.0,1,MOBS-GLEAM_FLUH
2023-02-04,wk inc flu hosp,2023-02-18,0.85,quantile,35,10.0,2,MOBS-GLEAM_FLUH
2023-02-04,wk inc flu hosp,2023-02-25,0.85,quantile,35,9.0,3,MOBS-GLEAM_FLUH
2023-02-04,wk inc flu hosp,2023-02-04,0.9,quantile,35,20.0,0,MOBS-GLEAM_FLUH
2023-02-04,wk inc flu hosp,2023-02-11,0.9,quantile,35,14.0,1,MOBS-GLEAM_FLUH
2023-02-04,wk inc flu hosp,2023-02-18,0.9,quantile,35,11.0,2,MOBS-GLEAM_FLUH
2023-02-04,wk inc flu hosp,2023-02-25,0.9,quantile,35,10.0,3,MOBS-GLEAM_FLUH
2023-02-04,wk inc flu hosp,2023-02-04,0.95,quantile,35,23.0,0,MOBS-GLEAM_FLUH
2023-02-04,wk inc flu hosp,2023-02-11,0.95,quantile,35,16.0,1,MOBS-GLEAM_FLUH
2023-02-04,wk inc flu hosp,2023-02-18,0.95,quantile,35,13.0,2,MOBS-GLEAM_FLUH
2023-02-04,wk inc flu hosp,2023-02-25,0.95,quantile,35,12.0,3,MOBS-GLEAM_FLUH
2023-02-04,wk inc flu hosp,2023-02-04,0.975,quantile,35,26.0,0,MOBS-GLEAM_FLUH
2023-02-04,wk inc flu hosp,2023-02-11,0.975,quantile,35,18.0,1,MOBS-GLEAM_FLUH
2023-02-04,wk inc flu hosp,2023-02-18,0.975,quantile,35,15.0,2,MOBS-GLEAM_FLUH
2023-02-04,wk inc flu hosp,2023-02-25,0.975,quantile,35,14.0,3,MOBS-GLEAM_FLUH
2023-02-04,wk inc flu hosp,2023-02-04,0.99,quantile,35,30.0,0,MOBS-GLEAM_FLUH
2023-02-04,wk inc flu hosp,2023-02-11,0.99,quantile,35,21.0,1,MOBS-GLEAM_FLUH
2023-02-04,wk inc flu hosp,2023-02-18,0.99,quantile,35,18.0,2,MOBS-GLEAM_FLUH
2023-02-04,wk inc flu hosp,2023-02-25,0.99,quantile,35,16.0,3,MOBS-GLEAM_FLUH
2023-02-04,wk inc flu hosp,2023-02-04,nan,point,36,102.0,0,MOBS-GLEAM_FLUH
2023-02-04,wk inc flu hosp,2023-02-11,nan,point,36,57.0,1,MOBS-GLEAM_FLUH
2023-02-04,wk inc flu hosp,2023-02-18,nan,point,36,33.0,2,MOBS-GLEAM_FLUH
2023-02-04,wk inc flu hosp,2023-02-25,nan,point,36,20.0,3,MOBS-GLEAM_FLUH
2023-02-04,wk inc flu hosp,2023-02-04,0.01,quantile,36,26.0,0,MOBS-GLEAM_FLUH
2023-02-04,wk inc flu hosp,2023-02-11,0.01,quantile,36,14.0,1,MOBS-GLEAM_FLUH
2023-02-04,wk inc flu hosp,2023-02-18,0.01,quantile,36,7.0,2,MOBS-GLEAM_FLUH
2023-02-04,wk inc flu hosp,2023-02-25,0.01,quantile,36,4.0,3,MOBS-GLEAM_FLUH
2023-02-04,wk inc flu hosp,2023-02-04,0.025,quantile,36,34.0,0,MOBS-GLEAM_FLUH
2023-02-04,wk inc flu hosp,2023-02-11,0.025,quantile,36,18.0,1,MOBS-GLEAM_FLUH
2023-02-04,wk inc flu hosp,2023-02-18,0.025,quantile,36,10.0,2,MOBS-GLEAM_FLUH
2023-02-04,wk inc flu hosp,2023-02-25,0.025,quantile,36,5.0,3,MOBS-GLEAM_FLUH
2023-02-04,wk inc flu hosp,2023-02-04,0.05,quantile,36,41.0,0,MOBS-GLEAM_FLUH
2023-02-04,wk inc flu hosp,2023-02-11,0.05,quantile,36,23.0,1,MOBS-GLEAM_FLUH
2023-02-04,wk inc flu hosp,2023-02-18,0.05,quantile,36,13.0,2,MOBS-GLEAM_FLUH
2023-02-04,wk inc flu hosp,2023-02-25,0.05,quantile,36,7.0,3,MOBS-GLEAM_FLUH
2023-02-04,wk inc flu hosp,2023-02-04,0.1,quantile,36,52.0,0,MOBS-GLEAM_FLUH
2023-02-04,wk inc flu hosp,2023-02-11,0.1,quantile,36,29.0,1,MOBS-GLEAM_FLUH
2023-02-04,wk inc flu hosp,2023-02-18,0.1,quantile,36,16.0,2,MOBS-GLEAM_FLUH
2023-02-04,wk inc flu hosp,2023-02-25,0.1,quantile,36,9.0,3,MOBS-GLEAM_FLUH
2023-02-04,wk inc flu hosp,2023-02-04,0.15,quantile,36,60.0,0,MOBS-GLEAM_FLUH
2023-02-04,wk inc flu hosp,2023-02-11,0.15,quantile,36,33.0,1,MOBS-GLEAM_FLUH
2023-02-04,wk inc flu hosp,2023-02-18,0.15,quantile,36,19.0,2,MOBS-GLEAM_FLUH
2023-02-04,wk inc flu hosp,2023-02-25,0.15,quantile,36,11.0,3,MOBS-GLEAM_FLUH
2023-02-04,wk inc flu hosp,2023-02-04,0.2,quantile,36,66.0,0,MOBS-GLEAM_FLUH
2023-02-04,wk inc flu hosp,2023-02-11,0.2,quantile,36,37.0,1,MOBS-GLEAM_FLUH
2023-02-04,wk inc flu hosp,2023-02-18,0.2,quantile,36,21.0,2,MOBS-GLEAM_FLUH
2023-02-04,wk inc flu hosp,2023-02-25,0.2,quantile,36,12.0,3,MOBS-GLEAM_FLUH
2023-02-04,wk inc flu hosp,2023-02-04,0.25,quantile,36,73.0,0,MOBS-GLEAM_FLUH
2023-02-04,wk inc flu hosp,2023-02-11,0.25,quantile,36,41.0,1,MOBS-GLEAM_FLUH
2023-02-04,wk inc flu hosp,2023-02-18,0.25,quantile,36,23.0,2,MOBS-GLEAM_FLUH
2023-02-04,wk inc flu hosp,2023-02-25,0.25,quantile,36,14.0,3,MOBS-GLEAM_FLUH
2023-02-04,wk inc flu hosp,2023-02-04,0.3,quantile,36,79.0,0,MOBS-GLEAM_FLUH
2023-02-04,wk inc flu hosp,2023-02-11,0.3,quantile,36,44.0,1,MOBS-GLEAM_FLUH
2023-02-04,wk inc flu hosp,2023-02-18,0.3,quantile,36,25.0,2,MOBS-GLEAM_FLUH
2023-02-04,wk inc flu hosp,2023-02-25,0.3,quantile,36,15.0,3,MOBS-GLEAM_FLUH
2023-02-04,wk inc flu hosp,2023-02-04,0.35,quantile,36,84.0,0,MOBS-GLEAM_FLUH
2023-02-04,wk inc flu hosp,2023-02-11,0.35,quantile,36,47.0,1,MOBS-GLEAM_FLUH
2023-02-04,wk inc flu hosp,2023-02-18,0.35,quantile,36,27.0,2,MOBS-GLEAM_FLUH
2023-02-04,wk inc flu hosp,2023-02-25,0.35,quantile,36,16.0,3,MOBS-GLEAM_FLUH
2023-02-04,wk inc flu hosp,2023-02-04,0.4,quantile,36,90.0,0,MOBS-GLEAM_FLUH
2023-02-04,wk inc flu hosp,2023-02-11,0.4,quantile,36,51.0,1,MOBS-GLEAM_FLUH
2023-02-04,wk inc flu hosp,2023-02-18,0.4,quantile,36,29.0,2,MOBS-GLEAM_FLUH
2023-02-04,wk inc flu hosp,2023-02-25,0.4,quantile,36,17.0,3,MOBS-GLEAM_FLUH
2023-02-04,wk inc flu hosp,2023-02-04,0.45,quantile,36,96.0,0,MOBS-GLEAM_FLUH
2023-02-04,wk inc flu hosp,2023-02-11,0.45,quantile,36,54.0,1,MOBS-GLEAM_FLUH
2023-02-04,wk inc flu hosp,2023-02-18,0.45,quantile,36,31.0,2,MOBS-GLEAM_FLUH
2023-02-04,wk inc flu hosp,2023-02-25,0.45,quantile,36,19.0,3,MOBS-GLEAM_FLUH
2023-02-04,wk inc flu hosp,2023-02-04,0.5,quantile,36,102.0,0,MOBS-GLEAM_FLUH
2023-02-04,wk inc flu hosp,2023-02-11,0.5,quantile,36,57.0,1,MOBS-GLEAM_FLUH
2023-02-04,wk inc flu hosp,2023-02-18,0.5,quantile,36,33.0,2,MOBS-GLEAM_FLUH
2023-02-04,wk inc flu hosp,2023-02-25,0.5,quantile,36,20.0,3,MOBS-GLEAM_FLUH
2023-02-04,wk inc flu hosp,2023-02-04,0.55,quantile,36,108.0,0,MOBS-GLEAM_FLUH
2023-02-04,wk inc flu hosp,2023-02-11,0.55,quantile,36,61.0,1,MOBS-GLEAM_FLUH
2023-02-04,wk inc flu hosp,2023-02-18,0.55,quantile,36,35.0,2,MOBS-GLEAM_FLUH
2023-02-04,wk inc flu hosp,2023-02-25,0.55,quantile,36,21.0,3,MOBS-GLEAM_FLUH
2023-02-04,wk inc flu hosp,2023-02-04,0.6,quantile,36,114.0,0,MOBS-GLEAM_FLUH
2023-02-04,wk inc flu hosp,2023-02-11,0.6,quantile,36,65.0,1,MOBS-GLEAM_FLUH
2023-02-04,wk inc flu hosp,2023-02-18,0.6,quantile,36,37.0,2,MOBS-GLEAM_FLUH
2023-02-04,wk inc flu hosp,2023-02-25,0.6,quantile,36,23.0,3,MOBS-GLEAM_FLUH
2023-02-04,wk inc flu hosp,2023-02-04,0.65,quantile,36,121.0,0,MOBS-GLEAM_FLUH
2023-02-04,wk inc flu hosp,2023-02-11,0.65,quantile,36,69.0,1,MOBS-GLEAM_FLUH
2023-02-04,wk inc flu hosp,2023-02-18,0.65,quantile,36,40.0,2,MOBS-GLEAM_FLUH
2023-02-04,wk inc flu hosp,2023-02-25,0.65,quantile,36,24.0,3,MOBS-GLEAM_FLUH
2023-02-04,wk inc flu hosp,2023-02-04,0.7,quantile,36,129.0,0,MOBS-GLEAM_FLUH
2023-02-04,wk inc flu hosp,2023-02-11,0.7,quantile,36,73.0,1,MOBS-GLEAM_FLUH
2023-02-04,wk inc flu hosp,2023-02-18,0.7,quantile,36,42.0,2,MOBS-GLEAM_FLUH
2023-02-04,wk inc flu hosp,2023-02-25,0.7,quantile,36,26.0,3,MOBS-GLEAM_FLUH
2023-02-04,wk inc flu hosp,2023-02-04,0.75,quantile,36,137.0,0,MOBS-GLEAM_FLUH
2023-02-04,wk inc flu hosp,2023-02-11,0.75,quantile,36,78.0,1,MOBS-GLEAM_FLUH
2023-02-04,wk inc flu hosp,2023-02-18,0.75,quantile,36,45.0,2,MOBS-GLEAM_FLUH
2023-02-04,wk inc flu hosp,2023-02-25,0.75,quantile,36,28.0,3,MOBS-GLEAM_FLUH
2023-02-04,wk inc flu hosp,2023-02-04,0.8,quantile,36,147.0,0,MOBS-GLEAM_FLUH
2023-02-04,wk inc flu hosp,2023-02-11,0.8,quantile,36,84.0,1,MOBS-GLEAM_FLUH
2023-02-04,wk inc flu hosp,2023-02-18,0.8,quantile,36,49.0,2,MOBS-GLEAM_FLUH
2023-02-04,wk inc flu hosp,2023-02-25,0.8,quantile,36,30.0,3,MOBS-GLEAM_FLUH
2023-02-04,wk inc flu hosp,2023-02-04,0.85,quantile,36,160.0,0,MOBS-GLEAM_FLUH
2023-02-04,wk inc flu hosp,2023-02-11,0.85,quantile,36,91.0,1,MOBS-GLEAM_FLUH
2023-02-04,wk inc flu hosp,2023-02-18,0.85,quantile,36,53.0,2,MOBS-GLEAM_FLUH
2023-02-04,wk inc flu hosp,2023-02-25,0.85,quantile,36,32.0,3,MOBS-GLEAM_FLUH
2023-02-04,wk inc flu hosp,2023-02-04,0.9,quantile,36,176.0,0,MOBS-GLEAM_FLUH
2023-02-04,wk inc flu hosp,2023-02-11,0.9,quantile,36,100.0,1,MOBS-GLEAM_FLUH
2023-02-04,wk inc flu hosp,2023-02-18,0.9,quantile,36,58.0,2,MOBS-GLEAM_FLUH
2023-02-04,wk inc flu hosp,2023-02-25,0.9,quantile,36,36.0,3,MOBS-GLEAM_FLUH
2023-02-04,wk inc flu hosp,2023-02-04,0.95,quantile,36,202.0,0,MOBS-GLEAM_FLUH
2023-02-04,wk inc flu hosp,2023-02-11,0.95,quantile,36,115.0,1,MOBS-GLEAM_FLUH
2023-02-04,wk inc flu hosp,2023-02-18,0.95,quantile,36,67.0,2,MOBS-GLEAM_FLUH
2023-02-04,wk inc flu hosp,2023-02-25,0.95,quantile,36,41.0,3,MOBS-GLEAM_FLUH
2023-02-04,wk inc flu hosp,2023-02-04,0.975,quantile,36,226.0,0,MOBS-GLEAM_FLUH
2023-02-04,wk inc flu hosp,2023-02-11,0.975,quantile,36,129.0,1,MOBS-GLEAM_FLUH
2023-02-04,wk inc flu hosp,2023-02-18,0.975,quantile,36,75.0,2,MOBS-GLEAM_FLUH
2023-02-04,wk inc flu hosp,2023-02-25,0.975,quantile,36,47.0,3,MOBS-GLEAM_FLUH
2023-02-04,wk inc flu hosp,2023-02-04,0.99,quantile,36,256.0,0,MOBS-GLEAM_FLUH
2023-02-04,wk inc flu hosp,2023-02-11,0.99,quantile,36,146.0,1,MOBS-GLEAM_FLUH
2023-02-04,wk inc flu hosp,2023-02-18,0.99,quantile,36,86.0,2,MOBS-GLEAM_FLUH
2023-02-04,wk inc flu hosp,2023-02-25,0.99,quantile,36,53.0,3,MOBS-GLEAM_FLUH
2023-02-04,wk inc flu hosp,2023-02-04,nan,point,37,43.0,0,MOBS-GLEAM_FLUH
2023-02-04,wk inc flu hosp,2023-02-11,nan,point,37,32.0,1,MOBS-GLEAM_FLUH
2023-02-04,wk inc flu hosp,2023-02-18,nan,point,37,25.0,2,MOBS-GLEAM_FLUH
2023-02-04,wk inc flu hosp,2023-02-25,nan,point,37,21.0,3,MOBS-GLEAM_FLUH
2023-02-04,wk inc flu hosp,2023-02-04,0.01,quantile,37,10.0,0,MOBS-GLEAM_FLUH
2023-02-04,wk inc flu hosp,2023-02-11,0.01,quantile,37,7.0,1,MOBS-GLEAM_FLUH
2023-02-04,wk inc flu hosp,2023-02-18,0.01,quantile,37,5.0,2,MOBS-GLEAM_FLUH
2023-02-04,wk inc flu hosp,2023-02-25,0.01,quantile,37,4.0,3,MOBS-GLEAM_FLUH
2023-02-04,wk inc flu hosp,2023-02-04,0.025,quantile,37,13.0,0,MOBS-GLEAM_FLUH
2023-02-04,wk inc flu hosp,2023-02-11,0.025,quantile,37,10.0,1,MOBS-GLEAM_FLUH
2023-02-04,wk inc flu hosp,2023-02-18,0.025,quantile,37,7.0,2,MOBS-GLEAM_FLUH
2023-02-04,wk inc flu hosp,2023-02-25,0.025,quantile,37,6.0,3,MOBS-GLEAM_FLUH
2023-02-04,wk inc flu hosp,2023-02-04,0.05,quantile,37,17.0,0,MOBS-GLEAM_FLUH
2023-02-04,wk inc flu hosp,2023-02-11,0.05,quantile,37,12.0,1,MOBS-GLEAM_FLUH
2023-02-04,wk inc flu hosp,2023-02-18,0.05,quantile,37,9.0,2,MOBS-GLEAM_FLUH
2023-02-04,wk inc flu hosp,2023-02-25,0.05,quantile,37,7.0,3,MOBS-GLEAM_FLUH
2023-02-04,wk inc flu hosp,2023-02-04,0.1,quantile,37,21.0,0,MOBS-GLEAM_FLUH
2023-02-04,wk inc flu hosp,2023-02-11,0.1,quantile,37,15.0,1,MOBS-GLEAM_FLUH
2023-02-04,wk inc flu hosp,2023-02-18,0.1,quantile,37,12.0,2,MOBS-GLEAM_FLUH
2023-02-04,wk inc flu hosp,2023-02-25,0.1,quantile,37,10.0,3,MOBS-GLEAM_FLUH
2023-02-04,wk inc flu hosp,2023-02-04,0.15,quantile,37,24.0,0,MOBS-GLEAM_FLUH
2023-02-04,wk inc flu hosp,2023-02-11,0.15,quantile,37,18.0,1,MOBS-GLEAM_FLUH
2023-02-04,wk inc flu hosp,2023-02-18,0.15,quantile,37,14.0,2,MOBS-GLEAM_FLUH
2023-02-04,wk inc flu hosp,2023-02-25,0.15,quantile,37,11.0,3,MOBS-GLEAM_FLUH
2023-02-04,wk inc flu hosp,2023-02-04,0.2,quantile,37,27.0,0,MOBS-GLEAM_FLUH
2023-02-04,wk inc flu hosp,2023-02-11,0.2,quantile,37,20.0,1,MOBS-GLEAM_FLUH
2023-02-04,wk inc flu hosp,2023-02-18,0.2,quantile,37,16.0,2,MOBS-GLEAM_FLUH
2023-02-04,wk inc flu hosp,2023-02-25,0.2,quantile,37,13.0,3,MOBS-GLEAM_FLUH
2023-02-04,wk inc flu hosp,2023-02-04,0.25,quantile,37,30.0,0,MOBS-GLEAM_FLUH
2023-02-04,wk inc flu hosp,2023-02-11,0.25,quantile,37,22.0,1,MOBS-GLEAM_FLUH
2023-02-04,wk inc flu hosp,2023-02-18,0.25,quantile,37,17.0,2,MOBS-GLEAM_FLUH
2023-02-04,wk inc flu hosp,2023-02-25,0.25,quantile,37,14.0,3,MOBS-GLEAM_FLUH
2023-02-04,wk inc flu hosp,2023-02-04,0.3,quantile,37,33.0,0,MOBS-GLEAM_FLUH
2023-02-04,wk inc flu hosp,2023-02-11,0.3,quantile,37,24.0,1,MOBS-GLEAM_FLUH
2023-02-04,wk inc flu hosp,2023-02-18,0.3,quantile,37,19.0,2,MOBS-GLEAM_FLUH
2023-02-04,wk inc flu hosp,2023-02-25,0.3,quantile,37,16.0,3,MOBS-GLEAM_FLUH
2023-02-04,wk inc flu hosp,2023-02-04,0.35,quantile,37,35.0,0,MOBS-GLEAM_FLUH
2023-02-04,wk inc flu hosp,2023-02-11,0.35,quantile,37,26.0,1,MOBS-GLEAM_FLUH
2023-02-04,wk inc flu hosp,2023-02-18,0.35,quantile,37,20.0,2,MOBS-GLEAM_FLUH
2023-02-04,wk inc flu hosp,2023-02-25,0.35,quantile,37,17.0,3,MOBS-GLEAM_FLUH
2023-02-04,wk inc flu hosp,2023-02-04,0.4,quantile,37,38.0,0,MOBS-GLEAM_FLUH
2023-02-04,wk inc flu hosp,2023-02-11,0.4,quantile,37,28.0,1,MOBS-GLEAM_FLUH
2023-02-04,wk inc flu hosp,2023-02-18,0.4,quantile,37,22.0,2,MOBS-GLEAM_FLUH
2023-02-04,wk inc flu hosp,2023-02-25,0.4,quantile,37,18.0,3,MOBS-GLEAM_FLUH
2023-02-04,wk inc flu hosp,2023-02-04,0.45,quantile,37,40.0,0,MOBS-GLEAM_FLUH
2023-02-04,wk inc flu hosp,2023-02-11,0.45,quantile,37,30.0,1,MOBS-GLEAM_FLUH
2023-02-04,wk inc flu hosp,2023-02-18,0.45,quantile,37,23.0,2,MOBS-GLEAM_FLUH
2023-02-04,wk inc flu hosp,2023-02-25,0.45,quantile,37,19.0,3,MOBS-GLEAM_FLUH
2023-02-04,wk inc flu hosp,2023-02-04,0.5,quantile,37,43.0,0,MOBS-GLEAM_FLUH
2023-02-04,wk inc flu hosp,2023-02-11,0.5,quantile,37,32.0,1,MOBS-GLEAM_FLUH
2023-02-04,wk inc flu hosp,2023-02-18,0.5,quantile,37,25.0,2,MOBS-GLEAM_FLUH
2023-02-04,wk inc flu hosp,2023-02-25,0.5,quantile,37,21.0,3,MOBS-GLEAM_FLUH
2023-02-04,wk inc flu hosp,2023-02-04,0.55,quantile,37,45.0,0,MOBS-GLEAM_FLUH
2023-02-04,wk inc flu hosp,2023-02-11,0.55,quantile,37,34.0,1,MOBS-GLEAM_FLUH
2023-02-04,wk inc flu hosp,2023-02-18,0.55,quantile,37,27.0,2,MOBS-GLEAM_FLUH
2023-02-04,wk inc flu hosp,2023-02-25,0.55,quantile,37,22.0,3,MOBS-GLEAM_FLUH
2023-02-04,wk inc flu hosp,2023-02-04,0.6,quantile,37,48.0,0,MOBS-GLEAM_FLUH
2023-02-04,wk inc flu hosp,2023-02-11,0.6,quantile,37,36.0,1,MOBS-GLEAM_FLUH
2023-02-04,wk inc flu hosp,2023-02-18,0.6,quantile,37,28.0,2,MOBS-GLEAM_FLUH
2023-02-04,wk inc flu hosp,2023-02-25,0.6,quantile,37,23.0,3,MOBS-GLEAM_FLUH
2023-02-04,wk inc flu hosp,2023-02-04,0.65,quantile,37,51.0,0,MOBS-GLEAM_FLUH
2023-02-04,wk inc flu hosp,2023-02-11,0.65,quantile,37,38.0,1,MOBS-GLEAM_FLUH
2023-02-04,wk inc flu hosp,2023-02-18,0.65,quantile,37,30.0,2,MOBS-GLEAM_FLUH
2023-02-04,wk inc flu hosp,2023-02-25,0.65,quantile,37,25.0,3,MOBS-GLEAM_FLUH
2023-02-04,wk inc flu hosp,2023-02-04,0.7,quantile,37,54.0,0,MOBS-GLEAM_FLUH
2023-02-04,wk inc flu hosp,2023-02-11,0.7,quantile,37,41.0,1,MOBS-GLEAM_FLUH
2023-02-04,wk inc flu hosp,2023-02-18,0.7,quantile,37,32.0,2,MOBS-GLEAM_FLUH
2023-02-04,wk inc flu hosp,2023-02-25,0.7,quantile,37,27.0,3,MOBS-GLEAM_FLUH
2023-02-04,wk inc flu hosp,2023-02-04,0.75,quantile,37,58.0,0,MOBS-GLEAM_FLUH
2023-02-04,wk inc flu hosp,2023-02-11,0.75,quantile,37,44.0,1,MOBS-GLEAM_FLUH
2023-02-04,wk inc flu hosp,2023-02-18,0.75,quantile,37,34.0,2,MOBS-GLEAM_FLUH
2023-02-04,wk inc flu hosp,2023-02-25,0.75,quantile,37,29.0,3,MOBS-GLEAM_FLUH
2023-02-04,wk inc flu hosp,2023-02-04,0.8,quantile,37,62.0,0,MOBS-GLEAM_FLUH
2023-02-04,wk inc flu hosp,2023-02-11,0.8,quantile,37,47.0,1,MOBS-GLEAM_FLUH
2023-02-04,wk inc flu hosp,2023-02-18,0.8,quantile,37,37.0,2,MOBS-GLEAM_FLUH
2023-02-04,wk inc flu hosp,2023-02-25,0.8,quantile,37,31.0,3,MOBS-GLEAM_FLUH
2023-02-04,wk inc flu hosp,2023-02-04,0.85,quantile,37,68.0,0,MOBS-GLEAM_FLUH
2023-02-04,wk inc flu hosp,2023-02-11,0.85,quantile,37,51.0,1,MOBS-GLEAM_FLUH
2023-02-04,wk inc flu hosp,2023-02-18,0.85,quantile,37,40.0,2,MOBS-GLEAM_FLUH
2023-02-04,wk inc flu hosp,2023-02-25,0.85,quantile,37,33.0,3,MOBS-GLEAM_FLUH
2023-02-04,wk inc flu hosp,2023-02-04,0.9,quantile,37,75.0,0,MOBS-GLEAM_FLUH
2023-02-04,wk inc flu hosp,2023-02-11,0.9,quantile,37,56.0,1,MOBS-GLEAM_FLUH
2023-02-04,wk inc flu hosp,2023-02-18,0.9,quantile,37,45.0,2,MOBS-GLEAM_FLUH
2023-02-04,wk inc flu hosp,2023-02-25,0.9,quantile,37,37.0,3,MOBS-GLEAM_FLUH
2023-02-04,wk inc flu hosp,2023-02-04,0.95,quantile,37,86.0,0,MOBS-GLEAM_FLUH
2023-02-04,wk inc flu hosp,2023-02-11,0.95,quantile,37,65.0,1,MOBS-GLEAM_FLUH
2023-02-04,wk inc flu hosp,2023-02-18,0.95,quantile,37,51.0,2,MOBS-GLEAM_FLUH
2023-02-04,wk inc flu hosp,2023-02-25,0.95,quantile,37,43.0,3,MOBS-GLEAM_FLUH
2023-02-04,wk inc flu hosp,2023-02-04,0.975,quantile,37,96.0,0,MOBS-GLEAM_FLUH
2023-02-04,wk inc flu hosp,2023-02-11,0.975,quantile,37,73.0,1,MOBS-GLEAM_FLUH
2023-02-04,wk inc flu hosp,2023-02-18,0.975,quantile,37,58.0,2,MOBS-GLEAM_FLUH
2023-02-04,wk inc flu hosp,2023-02-25,0.975,quantile,37,48.0,3,MOBS-GLEAM_FLUH
2023-02-04,wk inc flu hosp,2023-02-04,0.99,quantile,37,109.0,0,MOBS-GLEAM_FLUH
2023-02-04,wk inc flu hosp,2023-02-11,0.99,quantile,37,83.0,1,MOBS-GLEAM_FLUH
2023-02-04,wk inc flu hosp,2023-02-18,0.99,quantile,37,66.0,2,MOBS-GLEAM_FLUH
2023-02-04,wk inc flu hosp,2023-02-25,0.99,quantile,37,55.0,3,MOBS-GLEAM_FLUH
2023-02-04,wk inc flu hosp,2023-02-04,nan,point,38,13.521503724290696,0,MOBS-GLEAM_FLUH
2023-02-04,wk inc flu hosp,2023-02-11,nan,point,38,9.320082877371412,1,MOBS-GLEAM_FLUH
2023-02-04,wk inc flu hosp,2023-02-18,nan,point,38,6.395058340589375,2,MOBS-GLEAM_FLUH
2023-02-04,wk inc flu hosp,2023-02-25,nan,point,38,4.389240479861593,3,MOBS-GLEAM_FLUH
2023-02-04,wk inc flu hosp,2023-02-04,0.01,quantile,38,3.611330359855446,0,MOBS-GLEAM_FLUH
2023-02-04,wk inc flu hosp,2023-02-11,0.01,quantile,38,2.224619021477836,1,MOBS-GLEAM_FLUH
2023-02-04,wk inc flu hosp,2023-02-18,0.01,quantile,38,1.6123113146690748,2,MOBS-GLEAM_FLUH
2023-02-04,wk inc flu hosp,2023-02-25,0.01,quantile,38,1.5,3,MOBS-GLEAM_FLUH
2023-02-04,wk inc flu hosp,2023-02-04,0.025,quantile,38,4.370573978349063,0,MOBS-GLEAM_FLUH
2023-02-04,wk inc flu hosp,2023-02-11,0.025,quantile,38,2.736566212770136,1,MOBS-GLEAM_FLUH
2023-02-04,wk inc flu hosp,2023-02-18,0.025,quantile,38,1.9239254676815896,2,MOBS-GLEAM_FLUH
2023-02-04,wk inc flu hosp,2023-02-25,0.025,quantile,38,1.5,3,MOBS-GLEAM_FLUH
2023-02-04,wk inc flu hosp,2023-02-04,0.05,quantile,38,5.180785531486968,0,MOBS-GLEAM_FLUH
2023-02-04,wk inc flu hosp,2023-02-11,0.05,quantile,38,3.274816169620197,1,MOBS-GLEAM_FLUH
2023-02-04,wk inc flu hosp,2023-02-18,0.05,quantile,38,2.2513119105900903,2,MOBS-GLEAM_FLUH
2023-02-04,wk inc flu hosp,2023-02-25,0.05,quantile,38,1.72462262933815,3,MOBS-GLEAM_FLUH
2023-02-04,wk inc flu hosp,2023-02-04,0.1,quantile,38,6.370199948511293,0,MOBS-GLEAM_FLUH
2023-02-04,wk inc flu hosp,2023-02-11,0.1,quantile,38,4.052359320684216,1,MOBS-GLEAM_FLUH
2023-02-04,wk inc flu hosp,2023-02-18,0.1,quantile,38,2.741748234204685,2,MOBS-GLEAM_FLUH
2023-02-04,wk inc flu hosp,2023-02-25,0.1,quantile,38,2.0051919452460014,3,MOBS-GLEAM_FLUH
2023-02-04,wk inc flu hosp,2023-02-04,0.15,quantile,38,7.331396509832121,0,MOBS-GLEAM_FLUH
2023-02-04,wk inc flu hosp,2023-02-11,0.15,quantile,38,4.716881647896878,1,MOBS-GLEAM_FLUH
2023-02-04,wk inc flu hosp,2023-02-18,0.15,quantile,38,3.18653970847556,2,MOBS-GLEAM_FLUH
2023-02-04,wk inc flu hosp,2023-02-25,0.15,quantile,38,2.3027187269883025,3,MOBS-GLEAM_FLUH
2023-02-04,wk inc flu hosp,2023-02-04,0.2,quantile,38,8.201884881535328,0,MOBS-GLEAM_FLUH
2023-02-04,wk inc flu hosp,2023-02-11,0.2,quantile,38,5.343597695534865,1,MOBS-GLEAM_FLUH
2023-02-04,wk inc flu hosp,2023-02-18,0.2,quantile,38,3.598629895175913,2,MOBS-GLEAM_FLUH
2023-02-04,wk inc flu hosp,2023-02-25,0.2,quantile,38,2.5306399884244293,3,MOBS-GLEAM_FLUH
2023-02-04,wk inc flu hosp,2023-02-04,0.25,quantile,38,9.0260558603351,0,MOBS-GLEAM_FLUH
2023-02-04,wk inc flu hosp,2023-02-11,0.25,quantile,38,5.951291886768358,1,MOBS-GLEAM_FLUH
2023-02-04,wk inc flu hosp,2023-02-18,0.25,quantile,38,4.002761319753822,2,MOBS-GLEAM_FLUH
2023-02-04,wk inc flu hosp,2023-02-25,0.25,quantile,38,2.8192164095044827,3,MOBS-GLEAM_FLUH
2023-02-04,wk inc flu hosp,2023-02-04,0.3,quantile,38,9.859470277560735,0,MOBS-GLEAM_FLUH
2023-02-04,wk inc flu hosp,2023-02-11,0.3,quantile,38,6.5566397078805645,1,MOBS-GLEAM_FLUH
2023-02-04,wk inc flu hosp,2023-02-18,0.3,quantile,38,4.419661223489869,2,MOBS-GLEAM_FLUH
2023-02-04,wk inc flu hosp,2023-02-25,0.3,quantile,38,3.086846092253337,3,MOBS-GLEAM_FLUH
2023-02-04,wk inc flu hosp,2023-02-04,0.35,quantile,38,10.712126439250085,0,MOBS-GLEAM_FLUH
2023-02-04,wk inc flu hosp,2023-02-11,0.35,quantile,38,7.187755094585556,1,MOBS-GLEAM_FLUH
2023-02-04,wk inc flu hosp,2023-02-18,0.35,quantile,38,4.858931793488021,2,MOBS-GLEAM_FLUH
2023-02-04,wk inc flu hosp,2023-02-25,0.35,quantile,38,3.366171460301384,3,MOBS-GLEAM_FLUH
2023-02-04,wk inc flu hosp,2023-02-04,0.4,quantile,38,11.597064663788784,0,MOBS-GLEAM_FLUH
2023-02-04,wk inc flu hosp,2023-02-11,0.4,quantile,38,7.822275572510055,1,MOBS-GLEAM_FLUH
2023-02-04,wk inc flu hosp,2023-02-18,0.4,quantile,38,5.331335815587649,2,MOBS-GLEAM_FLUH
2023-02-04,wk inc flu hosp,2023-02-25,0.4,quantile,38,3.674840050640248,3,MOBS-GLEAM_FLUH
2023-02-04,wk inc flu hosp,2023-02-04,0.45,quantile,38,12.5227710716935,0,MOBS-GLEAM_FLUH
2023-02-04,wk inc flu hosp,2023-02-11,0.45,quantile,38,8.545519416495635,1,MOBS-GLEAM_FLUH
2023-02-04,wk inc flu hosp,2023-02-18,0.45,quantile,38,5.8425844049172335,2,MOBS-GLEAM_FLUH
2023-02-04,wk inc flu hosp,2023-02-25,0.45,quantile,38,4.0081241124281215,3,MOBS-GLEAM_FLUH
2023-02-04,wk inc flu hosp,2023-02-04,0.5,quantile,38,13.521503724290696,0,MOBS-GLEAM_FLUH
2023-02-04,wk inc flu hosp,2023-02-11,0.5,quantile,38,9.320082877371412,1,MOBS-GLEAM_FLUH
2023-02-04,wk inc flu hosp,2023-02-18,0.5,quantile,38,6.395058340589375,2,MOBS-GLEAM_FLUH
2023-02-04,wk inc flu hosp,2023-02-25,0.5,quantile,38,4.389240479861593,3,MOBS-GLEAM_FLUH
2023-02-04,wk inc flu hosp,2023-02-04,0.55,quantile,38,14.61948472895844,0,MOBS-GLEAM_FLUH
2023-02-04,wk inc flu hosp,2023-02-11,0.55,quantile,38,10.151054755429897,1,MOBS-GLEAM_FLUH
2023-02-04,wk inc flu hosp,2023-02-18,0.55,quantile,38,7.0252582521134554,2,MOBS-GLEAM_FLUH
2023-02-04,wk inc flu hosp,2023-02-25,0.55,quantile,38,4.820260962537241,3,MOBS-GLEAM_FLUH
2023-02-04,wk inc flu hosp,2023-02-04,0.6,quantile,38,15.814315432491952,0,MOBS-GLEAM_FLUH
2023-02-04,wk inc flu hosp,2023-02-11,0.6,quantile,38,11.10764505544984,1,MOBS-GLEAM_FLUH
2023-02-04,wk inc flu hosp,2023-02-18,0.6,quantile,38,7.68952899429468,2,MOBS-GLEAM_FLUH
2023-02-04,wk inc flu hosp,2023-02-25,0.6,quantile,38,5.305748131948244,3,MOBS-GLEAM_FLUH
2023-02-04,wk inc flu hosp,2023-02-04,0.65,quantile,38,17.14049093163909,0,MOBS-GLEAM_FLUH
2023-02-04,wk inc flu hosp,2023-02-11,0.65,quantile,38,12.212197407291498,1,MOBS-GLEAM_FLUH
2023-02-04,wk inc flu hosp,2023-02-18,0.65,quantile,38,8.473726944956995,2,MOBS-GLEAM_FLUH
2023-02-04,wk inc flu hosp,2023-02-25,0.65,quantile,38,5.864061353807051,3,MOBS-GLEAM_FLUH
2023-02-04,wk inc flu hosp,2023-02-04,0.7,quantile,38,18.646959077725644,0,MOBS-GLEAM_FLUH
2023-02-04,wk inc flu hosp,2023-02-11,0.7,quantile,38,13.452848445483587,1,MOBS-GLEAM_FLUH
2023-02-04,wk inc flu hosp,2023-02-18,0.7,quantile,38,9.419650457093852,2,MOBS-GLEAM_FLUH
2023-02-04,wk inc flu hosp,2023-02-25,0.7,quantile,38,6.506521400710957,3,MOBS-GLEAM_FLUH
2023-02-04,wk inc flu hosp,2023-02-04,0.75,quantile,38,20.51585935565661,0,MOBS-GLEAM_FLUH
2023-02-04,wk inc flu hosp,2023-02-11,0.75,quantile,38,14.944135032256437,1,MOBS-GLEAM_FLUH
2023-02-04,wk inc flu hosp,2023-02-18,0.75,quantile,38,10.553792275468876,2,MOBS-GLEAM_FLUH
2023-02-04,wk inc flu hosp,2023-02-25,0.75,quantile,38,7.257672895136865,3,MOBS-GLEAM_FLUH
2023-02-04,wk inc flu hosp,2023-02-04,0.8,quantile,38,22.68865139169414,0,MOBS-GLEAM_FLUH
2023-02-04,wk inc flu hosp,2023-02-11,0.8,quantile,38,16.743946976720682,1,MOBS-GLEAM_FLUH
2023-02-04,wk inc flu hosp,2023-02-18,0.8,quantile,38,11.916907460899036,2,MOBS-GLEAM_FLUH
2023-02-04,wk inc flu hosp,2023-02-25,0.8,quantile,38,8.245143118730159,3,MOBS-GLEAM_FLUH
2023-02-04,wk inc flu hosp,2023-02-04,0.85,quantile,38,25.540612855890696,0,MOBS-GLEAM_FLUH
2023-02-04,wk inc flu hosp,2023-02-11,0.85,quantile,38,18.99944619103547,1,MOBS-GLEAM_FLUH
2023-02-04,wk inc flu hosp,2023-02-18,0.85,quantile,38,13.665945681459476,2,MOBS-GLEAM_FLUH
2023-02-04,wk inc flu hosp,2023-02-25,0.85,quantile,38,9.45737455423157,3,MOBS-GLEAM_FLUH
2023-02-04,wk inc flu hosp,2023-02-04,0.9,quantile,38,29.24900300268368,0,MOBS-GLEAM_FLUH
2023-02-04,wk inc flu hosp,2023-02-11,0.9,quantile,38,22.00501137752764,1,MOBS-GLEAM_FLUH
2023-02-04,wk inc flu hosp,2023-02-18,0.9,quantile,38,16.020135632529957,2,MOBS-GLEAM_FLUH
2023-02-04,wk inc flu hosp,2023-02-25,0.9,quantile,38,11.10996232456372,3,MOBS-GLEAM_FLUH
2023-02-04,wk inc flu hosp,2023-02-04,0.95,quantile,38,34.990046017712935,0,MOBS-GLEAM_FLUH
2023-02-04,wk inc flu hosp,2023-02-11,0.95,quantile,38,26.755013605146427,1,MOBS-GLEAM_FLUH
2023-02-04,wk inc flu hosp,2023-02-18,0.95,quantile,38,19.679360688711533,2,MOBS-GLEAM_FLUH
2023-02-04,wk inc flu hosp,2023-02-25,0.95,quantile,38,13.74193731226288,3,MOBS-GLEAM_FLUH
2023-02-04,wk inc flu hosp,2023-02-04,0.975,quantile,38,39.768404434668106,0,MOBS-GLEAM_FLUH
2023-02-04,wk inc flu hosp,2023-02-11,0.975,quantile,38,30.85894437917649,1,MOBS-GLEAM_FLUH
2023-02-04,wk inc flu hosp,2023-02-18,0.975,quantile,38,22.84267579649326,2,MOBS-GLEAM_FLUH
2023-02-04,wk inc flu hosp,2023-02-25,0.975,quantile,38,16.123497805350777,3,MOBS-GLEAM_FLUH
2023-02-04,wk inc flu hosp,2023-02-04,0.99,quantile,38,44.314636929667,0,MOBS-GLEAM_FLUH
2023-02-04,wk inc flu hosp,2023-02-11,0.99,quantile,38,35.20347653470986,1,MOBS-GLEAM_FLUH
2023-02-04,wk inc flu hosp,2023-02-18,0.99,quantile,38,26.58692876006725,2,MOBS-GLEAM_FLUH
2023-02-04,wk inc flu hosp,2023-02-25,0.99,quantile,38,18.977024517871367,3,MOBS-GLEAM_FLUH
2023-02-04,wk inc flu hosp,2023-02-04,nan,point,39,50.0,0,MOBS-GLEAM_FLUH
2023-02-04,wk inc flu hosp,2023-02-11,nan,point,39,29.0,1,MOBS-GLEAM_FLUH
2023-02-04,wk inc flu hosp,2023-02-18,nan,point,39,18.0,2,MOBS-GLEAM_FLUH
2023-02-04,wk inc flu hosp,2023-02-25,nan,point,39,12.0,3,MOBS-GLEAM_FLUH
2023-02-04,wk inc flu hosp,2023-02-04,0.01,quantile,39,12.0,0,MOBS-GLEAM_FLUH
2023-02-04,wk inc flu hosp,2023-02-11,0.01,quantile,39,6.0,1,MOBS-GLEAM_FLUH
2023-02-04,wk inc flu hosp,2023-02-18,0.01,quantile,39,3.0,2,MOBS-GLEAM_FLUH
2023-02-04,wk inc flu hosp,2023-02-25,0.01,quantile,39,2.0,3,MOBS-GLEAM_FLUH
2023-02-04,wk inc flu hosp,2023-02-04,0.025,quantile,39,16.0,0,MOBS-GLEAM_FLUH
2023-02-04,wk inc flu hosp,2023-02-11,0.025,quantile,39,9.0,1,MOBS-GLEAM_FLUH
2023-02-04,wk inc flu hosp,2023-02-18,0.025,quantile,39,5.0,2,MOBS-GLEAM_FLUH
2023-02-04,wk inc flu hosp,2023-02-25,0.025,quantile,39,3.0,3,MOBS-GLEAM_FLUH
2023-02-04,wk inc flu hosp,2023-02-04,0.05,quantile,39,20.0,0,MOBS-GLEAM_FLUH
2023-02-04,wk inc flu hosp,2023-02-11,0.05,quantile,39,11.0,1,MOBS-GLEAM_FLUH
2023-02-04,wk inc flu hosp,2023-02-18,0.05,quantile,39,6.0,2,MOBS-GLEAM_FLUH
2023-02-04,wk inc flu hosp,2023-02-25,0.05,quantile,39,4.0,3,MOBS-GLEAM_FLUH
2023-02-04,wk inc flu hosp,2023-02-04,0.1,quantile,39,25.0,0,MOBS-GLEAM_FLUH
2023-02-04,wk inc flu hosp,2023-02-11,0.1,quantile,39,14.0,1,MOBS-GLEAM_FLUH
2023-02-04,wk inc flu hosp,2023-02-18,0.1,quantile,39,8.0,2,MOBS-GLEAM_FLUH
2023-02-04,wk inc flu hosp,2023-02-25,0.1,quantile,39,5.0,3,MOBS-GLEAM_FLUH
2023-02-04,wk inc flu hosp,2023-02-04,0.15,quantile,39,29.0,0,MOBS-GLEAM_FLUH
2023-02-04,wk inc flu hosp,2023-02-11,0.15,quantile,39,16.0,1,MOBS-GLEAM_FLUH
2023-02-04,wk inc flu hosp,2023-02-18,0.15,quantile,39,10.0,2,MOBS-GLEAM_FLUH
2023-02-04,wk inc flu hosp,2023-02-25,0.15,quantile,39,6.0,3,MOBS-GLEAM_FLUH
2023-02-04,wk inc flu hosp,2023-02-04,0.2,quantile,39,32.0,0,MOBS-GLEAM_FLUH
2023-02-04,wk inc flu hosp,2023-02-11,0.2,quantile,39,18.0,1,MOBS-GLEAM_FLUH
2023-02-04,wk inc flu hosp,2023-02-18,0.2,quantile,39,11.0,2,MOBS-GLEAM_FLUH
2023-02-04,wk inc flu hosp,2023-02-25,0.2,quantile,39,7.0,3,MOBS-GLEAM_FLUH
2023-02-04,wk inc flu hosp,2023-02-04,0.25,quantile,39,35.0,0,MOBS-GLEAM_FLUH
2023-02-04,wk inc flu hosp,2023-02-11,0.25,quantile,39,20.0,1,MOBS-GLEAM_FLUH
2023-02-04,wk inc flu hosp,2023-02-18,0.25,quantile,39,12.0,2,MOBS-GLEAM_FLUH
2023-02-04,wk inc flu hosp,2023-02-25,0.25,quantile,39,8.0,3,MOBS-GLEAM_FLUH
2023-02-04,wk inc flu hosp,2023-02-04,0.3,quantile,39,38.0,0,MOBS-GLEAM_FLUH
2023-02-04,wk inc flu hosp,2023-02-11,0.3,quantile,39,22.0,1,MOBS-GLEAM_FLUH
2023-02-04,wk inc flu hosp,2023-02-18,0.3,quantile,39,13.0,2,MOBS-GLEAM_FLUH
2023-02-04,wk inc flu hosp,2023-02-25,0.3,quantile,39,9.0,3,MOBS-GLEAM_FLUH
2023-02-04,wk inc flu hosp,2023-02-04,0.35,quantile,39,41.0,0,MOBS-GLEAM_FLUH
2023-02-04,wk inc flu hosp,2023-02-11,0.35,quantile,39,24.0,1,MOBS-GLEAM_FLUH
2023-02-04,wk inc flu hosp,2023-02-18,0.35,quantile,39,14.0,2,MOBS-GLEAM_FLUH
2023-02-04,wk inc flu hosp,2023-02-25,0.35,quantile,39,9.0,3,MOBS-GLEAM_FLUH
2023-02-04,wk inc flu hosp,2023-02-04,0.4,quantile,39,44.0,0,MOBS-GLEAM_FLUH
2023-02-04,wk inc flu hosp,2023-02-11,0.4,quantile,39,26.0,1,MOBS-GLEAM_FLUH
2023-02-04,wk inc flu hosp,2023-02-18,0.4,quantile,39,15.0,2,MOBS-GLEAM_FLUH
2023-02-04,wk inc flu hosp,2023-02-25,0.4,quantile,39,10.0,3,MOBS-GLEAM_FLUH
2023-02-04,wk inc flu hosp,2023-02-04,0.45,quantile,39,47.0,0,MOBS-GLEAM_FLUH
2023-02-04,wk inc flu hosp,2023-02-11,0.45,quantile,39,27.0,1,MOBS-GLEAM_FLUH
2023-02-04,wk inc flu hosp,2023-02-18,0.45,quantile,39,17.0,2,MOBS-GLEAM_FLUH
2023-02-04,wk inc flu hosp,2023-02-25,0.45,quantile,39,11.0,3,MOBS-GLEAM_FLUH
2023-02-04,wk inc flu hosp,2023-02-04,0.5,quantile,39,50.0,0,MOBS-GLEAM_FLUH
2023-02-04,wk inc flu hosp,2023-02-11,0.5,quantile,39,29.0,1,MOBS-GLEAM_FLUH
2023-02-04,wk inc flu hosp,2023-02-18,0.5,quantile,39,18.0,2,MOBS-GLEAM_FLUH
2023-02-04,wk inc flu hosp,2023-02-25,0.5,quantile,39,12.0,3,MOBS-GLEAM_FLUH
2023-02-04,wk inc flu hosp,2023-02-04,0.55,quantile,39,53.0,0,MOBS-GLEAM_FLUH
2023-02-04,wk inc flu hosp,2023-02-11,0.55,quantile,39,31.0,1,MOBS-GLEAM_FLUH
2023-02-04,wk inc flu hosp,2023-02-18,0.55,quantile,39,19.0,2,MOBS-GLEAM_FLUH
2023-02-04,wk inc flu hosp,2023-02-25,0.55,quantile,39,12.0,3,MOBS-GLEAM_FLUH
2023-02-04,wk inc flu hosp,2023-02-04,0.6,quantile,39,56.0,0,MOBS-GLEAM_FLUH
2023-02-04,wk inc flu hosp,2023-02-11,0.6,quantile,39,33.0,1,MOBS-GLEAM_FLUH
2023-02-04,wk inc flu hosp,2023-02-18,0.6,quantile,39,20.0,2,MOBS-GLEAM_FLUH
2023-02-04,wk inc flu hosp,2023-02-25,0.6,quantile,39,13.0,3,MOBS-GLEAM_FLUH
2023-02-04,wk inc flu hosp,2023-02-04,0.65,quantile,39,60.0,0,MOBS-GLEAM_FLUH
2023-02-04,wk inc flu hosp,2023-02-11,0.65,quantile,39,35.0,1,MOBS-GLEAM_FLUH
2023-02-04,wk inc flu hosp,2023-02-18,0.65,quantile,39,21.0,2,MOBS-GLEAM_FLUH
2023-02-04,wk inc flu hosp,2023-02-25,0.65,quantile,39,14.0,3,MOBS-GLEAM_FLUH
2023-02-04,wk inc flu hosp,2023-02-04,0.7,quantile,39,64.0,0,MOBS-GLEAM_FLUH
2023-02-04,wk inc flu hosp,2023-02-11,0.7,quantile,39,37.0,1,MOBS-GLEAM_FLUH
2023-02-04,wk inc flu hosp,2023-02-18,0.7,quantile,39,23.0,2,MOBS-GLEAM_FLUH
2023-02-04,wk inc flu hosp,2023-02-25,0.7,quantile,39,15.0,3,MOBS-GLEAM_FLUH
2023-02-04,wk inc flu hosp,2023-02-04,0.75,quantile,39,68.0,0,MOBS-GLEAM_FLUH
2023-02-04,wk inc flu hosp,2023-02-11,0.75,quantile,39,40.0,1,MOBS-GLEAM_FLUH
2023-02-04,wk inc flu hosp,2023-02-18,0.75,quantile,39,25.0,2,MOBS-GLEAM_FLUH
2023-02-04,wk inc flu hosp,2023-02-25,0.75,quantile,39,16.0,3,MOBS-GLEAM_FLUH
2023-02-04,wk inc flu hosp,2023-02-04,0.8,quantile,39,73.0,0,MOBS-GLEAM_FLUH
2023-02-04,wk inc flu hosp,2023-02-11,0.8,quantile,39,43.0,1,MOBS-GLEAM_FLUH
2023-02-04,wk inc flu hosp,2023-02-18,0.8,quantile,39,26.0,2,MOBS-GLEAM_FLUH
2023-02-04,wk inc flu hosp,2023-02-25,0.8,quantile,39,18.0,3,MOBS-GLEAM_FLUH
2023-02-04,wk inc flu hosp,2023-02-04,0.85,quantile,39,79.0,0,MOBS-GLEAM_FLUH
2023-02-04,wk inc flu hosp,2023-02-11,0.85,quantile,39,47.0,1,MOBS-GLEAM_FLUH
2023-02-04,wk inc flu hosp,2023-02-18,0.85,quantile,39,29.0,2,MOBS-GLEAM_FLUH
2023-02-04,wk inc flu hosp,2023-02-25,0.85,quantile,39,19.0,3,MOBS-GLEAM_FLUH
2023-02-04,wk inc flu hosp,2023-02-04,0.9,quantile,39,87.0,0,MOBS-GLEAM_FLUH
2023-02-04,wk inc flu hosp,2023-02-11,0.9,quantile,39,51.0,1,MOBS-GLEAM_FLUH
2023-02-04,wk inc flu hosp,2023-02-18,0.9,quantile,39,32.0,2,MOBS-GLEAM_FLUH
2023-02-04,wk inc flu hosp,2023-02-25,0.9,quantile,39,22.0,3,MOBS-GLEAM_FLUH
2023-02-04,wk inc flu hosp,2023-02-04,0.95,quantile,39,100.0,0,MOBS-GLEAM_FLUH
2023-02-04,wk inc flu hosp,2023-02-11,0.95,quantile,39,59.0,1,MOBS-GLEAM_FLUH
2023-02-04,wk inc flu hosp,2023-02-18,0.95,quantile,39,37.0,2,MOBS-GLEAM_FLUH
2023-02-04,wk inc flu hosp,2023-02-25,0.95,quantile,39,25.0,3,MOBS-GLEAM_FLUH
2023-02-04,wk inc flu hosp,2023-02-04,0.975,quantile,39,113.0,0,MOBS-GLEAM_FLUH
2023-02-04,wk inc flu hosp,2023-02-11,0.975,quantile,39,67.0,1,MOBS-GLEAM_FLUH
2023-02-04,wk inc flu hosp,2023-02-18,0.975,quantile,39,42.0,2,MOBS-GLEAM_FLUH
2023-02-04,wk inc flu hosp,2023-02-25,0.975,quantile,39,28.0,3,MOBS-GLEAM_FLUH
2023-02-04,wk inc flu hosp,2023-02-04,0.99,quantile,39,128.0,0,MOBS-GLEAM_FLUH
2023-02-04,wk inc flu hosp,2023-02-11,0.99,quantile,39,76.0,1,MOBS-GLEAM_FLUH
2023-02-04,wk inc flu hosp,2023-02-18,0.99,quantile,39,47.0,2,MOBS-GLEAM_FLUH
2023-02-04,wk inc flu hosp,2023-02-25,0.99,quantile,39,32.0,3,MOBS-GLEAM_FLUH
2023-02-04,wk inc flu hosp,2023-02-04,nan,point,40,27.0,0,MOBS-GLEAM_FLUH
2023-02-04,wk inc flu hosp,2023-02-11,nan,point,40,17.0,1,MOBS-GLEAM_FLUH
2023-02-04,wk inc flu hosp,2023-02-18,nan,point,40,13.0,2,MOBS-GLEAM_FLUH
2023-02-04,wk inc flu hosp,2023-02-25,nan,point,40,12.0,3,MOBS-GLEAM_FLUH
2023-02-04,wk inc flu hosp,2023-02-04,0.01,quantile,40,6.0,0,MOBS-GLEAM_FLUH
2023-02-04,wk inc flu hosp,2023-02-11,0.01,quantile,40,3.0,1,MOBS-GLEAM_FLUH
2023-02-04,wk inc flu hosp,2023-02-18,0.01,quantile,40,2.0,2,MOBS-GLEAM_FLUH
2023-02-04,wk inc flu hosp,2023-02-25,0.01,quantile,40,2.0,3,MOBS-GLEAM_FLUH
2023-02-04,wk inc flu hosp,2023-02-04,0.025,quantile,40,8.0,0,MOBS-GLEAM_FLUH
2023-02-04,wk inc flu hosp,2023-02-11,0.025,quantile,40,5.0,1,MOBS-GLEAM_FLUH
2023-02-04,wk inc flu hosp,2023-02-18,0.025,quantile,40,3.0,2,MOBS-GLEAM_FLUH
2023-02-04,wk inc flu hosp,2023-02-25,0.025,quantile,40,3.0,3,MOBS-GLEAM_FLUH
2023-02-04,wk inc flu hosp,2023-02-04,0.05,quantile,40,10.0,0,MOBS-GLEAM_FLUH
2023-02-04,wk inc flu hosp,2023-02-11,0.05,quantile,40,6.0,1,MOBS-GLEAM_FLUH
2023-02-04,wk inc flu hosp,2023-02-18,0.05,quantile,40,4.0,2,MOBS-GLEAM_FLUH
2023-02-04,wk inc flu hosp,2023-02-25,0.05,quantile,40,4.0,3,MOBS-GLEAM_FLUH
2023-02-04,wk inc flu hosp,2023-02-04,0.1,quantile,40,13.0,0,MOBS-GLEAM_FLUH
2023-02-04,wk inc flu hosp,2023-02-11,0.1,quantile,40,8.0,1,MOBS-GLEAM_FLUH
2023-02-04,wk inc flu hosp,2023-02-18,0.1,quantile,40,6.0,2,MOBS-GLEAM_FLUH
2023-02-04,wk inc flu hosp,2023-02-25,0.1,quantile,40,5.0,3,MOBS-GLEAM_FLUH
2023-02-04,wk inc flu hosp,2023-02-04,0.15,quantile,40,15.0,0,MOBS-GLEAM_FLUH
2023-02-04,wk inc flu hosp,2023-02-11,0.15,quantile,40,9.0,1,MOBS-GLEAM_FLUH
2023-02-04,wk inc flu hosp,2023-02-18,0.15,quantile,40,7.0,2,MOBS-GLEAM_FLUH
2023-02-04,wk inc flu hosp,2023-02-25,0.15,quantile,40,6.0,3,MOBS-GLEAM_FLUH
2023-02-04,wk inc flu hosp,2023-02-04,0.2,quantile,40,17.0,0,MOBS-GLEAM_FLUH
2023-02-04,wk inc flu hosp,2023-02-11,0.2,quantile,40,11.0,1,MOBS-GLEAM_FLUH
2023-02-04,wk inc flu hosp,2023-02-18,0.2,quantile,40,8.0,2,MOBS-GLEAM_FLUH
2023-02-04,wk inc flu hosp,2023-02-25,0.2,quantile,40,7.0,3,MOBS-GLEAM_FLUH
2023-02-04,wk inc flu hosp,2023-02-04,0.25,quantile,40,19.0,0,MOBS-GLEAM_FLUH
2023-02-04,wk inc flu hosp,2023-02-11,0.25,quantile,40,12.0,1,MOBS-GLEAM_FLUH
2023-02-04,wk inc flu hosp,2023-02-18,0.25,quantile,40,9.0,2,MOBS-GLEAM_FLUH
2023-02-04,wk inc flu hosp,2023-02-25,0.25,quantile,40,8.0,3,MOBS-GLEAM_FLUH
2023-02-04,wk inc flu hosp,2023-02-04,0.3,quantile,40,21.0,0,MOBS-GLEAM_FLUH
2023-02-04,wk inc flu hosp,2023-02-11,0.3,quantile,40,13.0,1,MOBS-GLEAM_FLUH
2023-02-04,wk inc flu hosp,2023-02-18,0.3,quantile,40,10.0,2,MOBS-GLEAM_FLUH
2023-02-04,wk inc flu hosp,2023-02-25,0.3,quantile,40,8.0,3,MOBS-GLEAM_FLUH
2023-02-04,wk inc flu hosp,2023-02-04,0.35,quantile,40,22.0,0,MOBS-GLEAM_FLUH
2023-02-04,wk inc flu hosp,2023-02-11,0.35,quantile,40,14.0,1,MOBS-GLEAM_FLUH
2023-02-04,wk inc flu hosp,2023-02-18,0.35,quantile,40,11.0,2,MOBS-GLEAM_FLUH
2023-02-04,wk inc flu hosp,2023-02-25,0.35,quantile,40,9.0,3,MOBS-GLEAM_FLUH
2023-02-04,wk inc flu hosp,2023-02-04,0.4,quantile,40,24.0,0,MOBS-GLEAM_FLUH
2023-02-04,wk inc flu hosp,2023-02-11,0.4,quantile,40,15.0,1,MOBS-GLEAM_FLUH
2023-02-04,wk inc flu hosp,2023-02-18,0.4,quantile,40,12.0,2,MOBS-GLEAM_FLUH
2023-02-04,wk inc flu hosp,2023-02-25,0.4,quantile,40,10.0,3,MOBS-GLEAM_FLUH
2023-02-04,wk inc flu hosp,2023-02-04,0.45,quantile,40,26.0,0,MOBS-GLEAM_FLUH
2023-02-04,wk inc flu hosp,2023-02-11,0.45,quantile,40,16.0,1,MOBS-GLEAM_FLUH
2023-02-04,wk inc flu hosp,2023-02-18,0.45,quantile,40,13.0,2,MOBS-GLEAM_FLUH
2023-02-04,wk inc flu hosp,2023-02-25,0.45,quantile,40,11.0,3,MOBS-GLEAM_FLUH
2023-02-04,wk inc flu hosp,2023-02-04,0.5,quantile,40,27.0,0,MOBS-GLEAM_FLUH
2023-02-04,wk inc flu hosp,2023-02-11,0.5,quantile,40,17.0,1,MOBS-GLEAM_FLUH
2023-02-04,wk inc flu hosp,2023-02-18,0.5,quantile,40,13.0,2,MOBS-GLEAM_FLUH
2023-02-04,wk inc flu hosp,2023-02-25,0.5,quantile,40,12.0,3,MOBS-GLEAM_FLUH
2023-02-04,wk inc flu hosp,2023-02-04,0.55,quantile,40,29.0,0,MOBS-GLEAM_FLUH
2023-02-04,wk inc flu hosp,2023-02-11,0.55,quantile,40,19.0,1,MOBS-GLEAM_FLUH
2023-02-04,wk inc flu hosp,2023-02-18,0.55,quantile,40,14.0,2,MOBS-GLEAM_FLUH
2023-02-04,wk inc flu hosp,2023-02-25,0.55,quantile,40,12.0,3,MOBS-GLEAM_FLUH
2023-02-04,wk inc flu hosp,2023-02-04,0.6,quantile,40,31.0,0,MOBS-GLEAM_FLUH
2023-02-04,wk inc flu hosp,2023-02-11,0.6,quantile,40,20.0,1,MOBS-GLEAM_FLUH
2023-02-04,wk inc flu hosp,2023-02-18,0.6,quantile,40,15.0,2,MOBS-GLEAM_FLUH
2023-02-04,wk inc flu hosp,2023-02-25,0.6,quantile,40,13.0,3,MOBS-GLEAM_FLUH
2023-02-04,wk inc flu hosp,2023-02-04,0.65,quantile,40,33.0,0,MOBS-GLEAM_FLUH
2023-02-04,wk inc flu hosp,2023-02-11,0.65,quantile,40,21.0,1,MOBS-GLEAM_FLUH
2023-02-04,wk inc flu hosp,2023-02-18,0.65,quantile,40,16.0,2,MOBS-GLEAM_FLUH
2023-02-04,wk inc flu hosp,2023-02-25,0.65,quantile,40,14.0,3,MOBS-GLEAM_FLUH
2023-02-04,wk inc flu hosp,2023-02-04,0.7,quantile,40,35.0,0,MOBS-GLEAM_FLUH
2023-02-04,wk inc flu hosp,2023-02-11,0.7,quantile,40,23.0,1,MOBS-GLEAM_FLUH
2023-02-04,wk inc flu hosp,2023-02-18,0.7,quantile,40,18.0,2,MOBS-GLEAM_FLUH
2023-02-04,wk inc flu hosp,2023-02-25,0.7,quantile,40,15.0,3,MOBS-GLEAM_FLUH
2023-02-04,wk inc flu hosp,2023-02-04,0.75,quantile,40,37.0,0,MOBS-GLEAM_FLUH
2023-02-04,wk inc flu hosp,2023-02-11,0.75,quantile,40,24.0,1,MOBS-GLEAM_FLUH
2023-02-04,wk inc flu hosp,2023-02-18,0.75,quantile,40,19.0,2,MOBS-GLEAM_FLUH
2023-02-04,wk inc flu hosp,2023-02-25,0.75,quantile,40,16.0,3,MOBS-GLEAM_FLUH
2023-02-04,wk inc flu hosp,2023-02-04,0.8,quantile,40,40.0,0,MOBS-GLEAM_FLUH
2023-02-04,wk inc flu hosp,2023-02-11,0.8,quantile,40,26.0,1,MOBS-GLEAM_FLUH
2023-02-04,wk inc flu hosp,2023-02-18,0.8,quantile,40,20.0,2,MOBS-GLEAM_FLUH
2023-02-04,wk inc flu hosp,2023-02-25,0.8,quantile,40,18.0,3,MOBS-GLEAM_FLUH
2023-02-04,wk inc flu hosp,2023-02-04,0.85,quantile,40,44.0,0,MOBS-GLEAM_FLUH
2023-02-04,wk inc flu hosp,2023-02-11,0.85,quantile,40,28.0,1,MOBS-GLEAM_FLUH
2023-02-04,wk inc flu hosp,2023-02-18,0.85,quantile,40,22.0,2,MOBS-GLEAM_FLUH
2023-02-04,wk inc flu hosp,2023-02-25,0.85,quantile,40,19.0,3,MOBS-GLEAM_FLUH
2023-02-04,wk inc flu hosp,2023-02-04,0.9,quantile,40,48.0,0,MOBS-GLEAM_FLUH
2023-02-04,wk inc flu hosp,2023-02-11,0.9,quantile,40,32.0,1,MOBS-GLEAM_FLUH
2023-02-04,wk inc flu hosp,2023-02-18,0.9,quantile,40,25.0,2,MOBS-GLEAM_FLUH
2023-02-04,wk inc flu hosp,2023-02-25,0.9,quantile,40,21.0,3,MOBS-GLEAM_FLUH
2023-02-04,wk inc flu hosp,2023-02-04,0.95,quantile,40,56.0,0,MOBS-GLEAM_FLUH
2023-02-04,wk inc flu hosp,2023-02-11,0.95,quantile,40,36.0,1,MOBS-GLEAM_FLUH
2023-02-04,wk inc flu hosp,2023-02-18,0.95,quantile,40,29.0,2,MOBS-GLEAM_FLUH
2023-02-04,wk inc flu hosp,2023-02-25,0.95,quantile,40,25.0,3,MOBS-GLEAM_FLUH
2023-02-04,wk inc flu hosp,2023-02-04,0.975,quantile,40,63.0,0,MOBS-GLEAM_FLUH
2023-02-04,wk inc flu hosp,2023-02-11,0.975,quantile,40,41.0,1,MOBS-GLEAM_FLUH
2023-02-04,wk inc flu hosp,2023-02-18,0.975,quantile,40,32.0,2,MOBS-GLEAM_FLUH
2023-02-04,wk inc flu hosp,2023-02-25,0.975,quantile,40,28.0,3,MOBS-GLEAM_FLUH
2023-02-04,wk inc flu hosp,2023-02-04,0.99,quantile,40,71.0,0,MOBS-GLEAM_FLUH
2023-02-04,wk inc flu hosp,2023-02-11,0.99,quantile,40,47.0,1,MOBS-GLEAM_FLUH
2023-02-04,wk inc flu hosp,2023-02-18,0.99,quantile,40,37.0,2,MOBS-GLEAM_FLUH
2023-02-04,wk inc flu hosp,2023-02-25,0.99,quantile,40,32.0,3,MOBS-GLEAM_FLUH
2023-02-04,wk inc flu hosp,2023-02-04,nan,point,41,18.75372600481225,0,MOBS-GLEAM_FLUH
2023-02-04,wk inc flu hosp,2023-02-11,nan,point,41,11.001436054977304,1,MOBS-GLEAM_FLUH
2023-02-04,wk inc flu hosp,2023-02-18,nan,point,41,6.583912680400177,2,MOBS-GLEAM_FLUH
2023-02-04,wk inc flu hosp,2023-02-25,nan,point,41,4.04428409702732,3,MOBS-GLEAM_FLUH
2023-02-04,wk inc flu hosp,2023-02-04,0.01,quantile,41,3.2604959357598378,0,MOBS-GLEAM_FLUH
2023-02-04,wk inc flu hosp,2023-02-11,0.01,quantile,41,1.9411329252254232,1,MOBS-GLEAM_FLUH
2023-02-04,wk inc flu hosp,2023-02-18,0.01,quantile,41,1.257705942801148,2,MOBS-GLEAM_FLUH
2023-02-04,wk inc flu hosp,2023-02-25,0.01,quantile,41,1.25,3,MOBS-GLEAM_FLUH
2023-02-04,wk inc flu hosp,2023-02-04,0.025,quantile,41,4.196236098628483,0,MOBS-GLEAM_FLUH
2023-02-04,wk inc flu hosp,2023-02-11,0.025,quantile,41,2.375075139027628,1,MOBS-GLEAM_FLUH
2023-02-04,wk inc flu hosp,2023-02-18,0.025,quantile,41,1.6063319237475744,2,MOBS-GLEAM_FLUH
2023-02-04,wk inc flu hosp,2023-02-25,0.025,quantile,41,1.25,3,MOBS-GLEAM_FLUH
2023-02-04,wk inc flu hosp,2023-02-04,0.05,quantile,41,5.215920754079349,0,MOBS-GLEAM_FLUH
2023-02-04,wk inc flu hosp,2023-02-11,0.05,quantile,41,2.9210069620871715,1,MOBS-GLEAM_FLUH
2023-02-04,wk inc flu hosp,2023-02-18,0.05,quantile,41,1.806147606252983,2,MOBS-GLEAM_FLUH
2023-02-04,wk inc flu hosp,2023-02-25,0.05,quantile,41,1.2686248680596337,3,MOBS-GLEAM_FLUH
2023-02-04,wk inc flu hosp,2023-02-04,0.1,quantile,41,6.779151493912496,0,MOBS-GLEAM_FLUH
2023-02-04,wk inc flu hosp,2023-02-11,0.1,quantile,41,3.8168323720847344,1,MOBS-GLEAM_FLUH
2023-02-04,wk inc flu hosp,2023-02-18,0.1,quantile,41,2.325904756181803,2,MOBS-GLEAM_FLUH
2023-02-04,wk inc flu hosp,2023-02-25,0.1,quantile,41,1.6664258985719604,3,MOBS-GLEAM_FLUH
2023-02-04,wk inc flu hosp,2023-02-04,0.15,quantile,41,8.14523700367003,0,MOBS-GLEAM_FLUH
2023-02-04,wk inc flu hosp,2023-02-11,0.15,quantile,41,4.585823118954785,1,MOBS-GLEAM_FLUH
2023-02-04,wk inc flu hosp,2023-02-18,0.15,quantile,41,2.793349462739415,2,MOBS-GLEAM_FLUH
2023-02-04,wk inc flu hosp,2023-02-25,0.15,quantile,41,1.8235472620297208,3,MOBS-GLEAM_FLUH
2023-02-04,wk inc flu hosp,2023-02-04,0.2,quantile,41,9.531841537243816,0,MOBS-GLEAM_FLUH
2023-02-04,wk inc flu hosp,2023-02-11,0.2,quantile,41,5.405212210927138,1,MOBS-GLEAM_FLUH
2023-02-04,wk inc flu hosp,2023-02-18,0.2,quantile,41,3.21451681064313,2,MOBS-GLEAM_FLUH
2023-02-04,wk inc flu hosp,2023-02-25,0.2,quantile,41,2.110074938763528,3,MOBS-GLEAM_FLUH
2023-02-04,wk inc flu hosp,2023-02-04,0.25,quantile,41,10.900656491793002,0,MOBS-GLEAM_FLUH
2023-02-04,wk inc flu hosp,2023-02-11,0.25,quantile,41,6.222286236052956,1,MOBS-GLEAM_FLUH
2023-02-04,wk inc flu hosp,2023-02-18,0.25,quantile,41,3.692456851848624,2,MOBS-GLEAM_FLUH
2023-02-04,wk inc flu hosp,2023-02-25,0.25,quantile,41,2.387063924542807,3,MOBS-GLEAM_FLUH
2023-02-04,wk inc flu hosp,2023-02-04,0.3,quantile,41,12.352141500118924,0,MOBS-GLEAM_FLUH
2023-02-04,wk inc flu hosp,2023-02-11,0.3,quantile,41,7.037918757357494,1,MOBS-GLEAM_FLUH
2023-02-04,wk inc flu hosp,2023-02-18,0.3,quantile,41,4.19054941709195,2,MOBS-GLEAM_FLUH
2023-02-04,wk inc flu hosp,2023-02-25,0.3,quantile,41,2.636931138306366,3,MOBS-GLEAM_FLUH
2023-02-04,wk inc flu hosp,2023-02-04,0.35,quantile,41,13.794616606206066,0,MOBS-GLEAM_FLUH
2023-02-04,wk inc flu hosp,2023-02-11,0.35,quantile,41,7.921892934391571,1,MOBS-GLEAM_FLUH
2023-02-04,wk inc flu hosp,2023-02-18,0.35,quantile,41,4.722231529045425,2,MOBS-GLEAM_FLUH
2023-02-04,wk inc flu hosp,2023-02-25,0.35,quantile,41,2.944754741202485,3,MOBS-GLEAM_FLUH
2023-02-04,wk inc flu hosp,2023-02-04,0.4,quantile,41,15.315020461447531,0,MOBS-GLEAM_FLUH
2023-02-04,wk inc flu hosp,2023-02-11,0.4,quantile,41,8.858096986382217,1,MOBS-GLEAM_FLUH
2023-02-04,wk inc flu hosp,2023-02-18,0.4,quantile,41,5.2767561879702285,2,MOBS-GLEAM_FLUH
2023-02-04,wk inc flu hosp,2023-02-25,0.4,quantile,41,3.2749899552154083,3,MOBS-GLEAM_FLUH
2023-02-04,wk inc flu hosp,2023-02-04,0.45,quantile,41,16.96978065550865,0,MOBS-GLEAM_FLUH
2023-02-04,wk inc flu hosp,2023-02-11,0.45,quantile,41,9.857313805485807,1,MOBS-GLEAM_FLUH
2023-02-04,wk inc flu hosp,2023-02-18,0.45,quantile,41,5.911705595424007,2,MOBS-GLEAM_FLUH
2023-02-04,wk inc flu hosp,2023-02-25,0.45,quantile,41,3.6334618471452167,3,MOBS-GLEAM_FLUH
2023-02-04,wk inc flu hosp,2023-02-04,0.5,quantile,41,18.75372600481225,0,MOBS-GLEAM_FLUH
2023-02-04,wk inc flu hosp,2023-02-11,0.5,quantile,41,11.001436054977304,1,MOBS-GLEAM_FLUH
2023-02-04,wk inc flu hosp,2023-02-18,0.5,quantile,41,6.583912680400177,2,MOBS-GLEAM_FLUH
2023-02-04,wk inc flu hosp,2023-02-25,0.5,quantile,41,4.04428409702732,3,MOBS-GLEAM_FLUH
2023-02-04,wk inc flu hosp,2023-02-04,0.55,quantile,41,20.621566324916728,0,MOBS-GLEAM_FLUH
2023-02-04,wk inc flu hosp,2023-02-11,0.55,quantile,41,12.208645967769945,1,MOBS-GLEAM_FLUH
2023-02-04,wk inc flu hosp,2023-02-18,0.55,quantile,41,7.359953072728144,2,MOBS-GLEAM_FLUH
2023-02-04,wk inc flu hosp,2023-02-25,0.55,quantile,41,4.503120315382782,3,MOBS-GLEAM_FLUH
2023-02-04,wk inc flu hosp,2023-02-04,0.6,quantile,41,22.65052940091701,0,MOBS-GLEAM_FLUH
2023-02-04,wk inc flu hosp,2023-02-11,0.6,quantile,41,13.568808971545156,1,MOBS-GLEAM_FLUH
2023-02-04,wk inc flu hosp,2023-02-18,0.6,quantile,41,8.21862806106787,2,MOBS-GLEAM_FLUH
2023-02-04,wk inc flu hosp,2023-02-25,0.6,quantile,41,5.040492571134286,3,MOBS-GLEAM_FLUH
2023-02-04,wk inc flu hosp,2023-02-04,0.65,quantile,41,24.971163178335978,0,MOBS-GLEAM_FLUH
2023-02-04,wk inc flu hosp,2023-02-11,0.65,quantile,41,15.065610557804773,1,MOBS-GLEAM_FLUH
2023-02-04,wk inc flu hosp,2023-02-18,0.65,quantile,41,9.218074736201414,2,MOBS-GLEAM_FLUH
2023-02-04,wk inc flu hosp,2023-02-25,0.65,quantile,41,5.673864297836253,3,MOBS-GLEAM_FLUH
2023-02-04,wk inc flu hosp,2023-02-04,0.7,quantile,41,27.543481677720745,0,MOBS-GLEAM_FLUH
2023-02-04,wk inc flu hosp,2023-02-11,0.7,quantile,41,16.794283241475192,1,MOBS-GLEAM_FLUH
2023-02-04,wk inc flu hosp,2023-02-18,0.7,quantile,41,10.365482428623084,2,MOBS-GLEAM_FLUH
2023-02-04,wk inc flu hosp,2023-02-25,0.7,quantile,41,6.403442081139651,3,MOBS-GLEAM_FLUH
2023-02-04,wk inc flu hosp,2023-02-04,0.75,quantile,41,30.42934838406636,0,MOBS-GLEAM_FLUH
2023-02-04,wk inc flu hosp,2023-02-11,0.75,quantile,41,18.894881262642144,1,MOBS-GLEAM_FLUH
2023-02-04,wk inc flu hosp,2023-02-18,0.75,quantile,41,11.75539061201524,2,MOBS-GLEAM_FLUH
2023-02-04,wk inc flu hosp,2023-02-25,0.75,quantile,41,7.266857710151408,3,MOBS-GLEAM_FLUH
2023-02-04,wk inc flu hosp,2023-02-04,0.8,quantile,41,34.020605146261985,0,MOBS-GLEAM_FLUH
2023-02-04,wk inc flu hosp,2023-02-11,0.8,quantile,41,21.28670117137524,1,MOBS-GLEAM_FLUH
2023-02-04,wk inc flu hosp,2023-02-18,0.8,quantile,41,13.384209332471876,2,MOBS-GLEAM_FLUH
2023-02-04,wk inc flu hosp,2023-02-25,0.8,quantile,41,8.337950071463213,3,MOBS-GLEAM_FLUH
2023-02-04,wk inc flu hosp,2023-02-04,0.85,quantile,41,38.42523568523296,0,MOBS-GLEAM_FLUH
2023-02-04,wk inc flu hosp,2023-02-11,0.85,quantile,41,24.406896985771088,1,MOBS-GLEAM_FLUH
2023-02-04,wk inc flu hosp,2023-02-18,0.85,quantile,41,15.540818323332728,2,MOBS-GLEAM_FLUH
2023-02-04,wk inc flu hosp,2023-02-25,0.85,quantile,41,9.77233508796125,3,MOBS-GLEAM_FLUH
2023-02-04,wk inc flu hosp,2023-02-04,0.9,quantile,41,44.373751470613136,0,MOBS-GLEAM_FLUH
2023-02-04,wk inc flu hosp,2023-02-11,0.9,quantile,41,29.025593401032943,1,MOBS-GLEAM_FLUH
2023-02-04,wk inc flu hosp,2023-02-18,0.9,quantile,41,18.73852167346289,2,MOBS-GLEAM_FLUH
2023-02-04,wk inc flu hosp,2023-02-25,0.9,quantile,41,11.813459155770548,3,MOBS-GLEAM_FLUH
2023-02-04,wk inc flu hosp,2023-02-04,0.95,quantile,41,54.3508852492166,0,MOBS-GLEAM_FLUH
2023-02-04,wk inc flu hosp,2023-02-11,0.95,quantile,41,36.2598251116814,1,MOBS-GLEAM_FLUH
2023-02-04,wk inc flu hosp,2023-02-18,0.95,quantile,41,23.75499892252248,2,MOBS-GLEAM_FLUH
2023-02-04,wk inc flu hosp,2023-02-25,0.95,quantile,41,15.044939037522202,3,MOBS-GLEAM_FLUH
2023-02-04,wk inc flu hosp,2023-02-04,0.975,quantile,41,63.38915232673661,0,MOBS-GLEAM_FLUH
2023-02-04,wk inc flu hosp,2023-02-11,0.975,quantile,41,42.90995053429712,1,MOBS-GLEAM_FLUH
2023-02-04,wk inc flu hosp,2023-02-18,0.975,quantile,41,28.43324406999465,2,MOBS-GLEAM_FLUH
2023-02-04,wk inc flu hosp,2023-02-25,0.975,quantile,41,18.241894714082147,3,MOBS-GLEAM_FLUH
2023-02-04,wk inc flu hosp,2023-02-04,0.99,quantile,41,73.26508099359118,0,MOBS-GLEAM_FLUH
2023-02-04,wk inc flu hosp,2023-02-11,0.99,quantile,41,50.43760156939753,1,MOBS-GLEAM_FLUH
2023-02-04,wk inc flu hosp,2023-02-18,0.99,quantile,41,33.84054766873223,2,MOBS-GLEAM_FLUH
2023-02-04,wk inc flu hosp,2023-02-25,0.99,quantile,41,21.898830602865687,3,MOBS-GLEAM_FLUH
2023-02-04,wk inc flu hosp,2023-02-04,nan,point,42,89.0,0,MOBS-GLEAM_FLUH
2023-02-04,wk inc flu hosp,2023-02-11,nan,point,42,58.0,1,MOBS-GLEAM_FLUH
2023-02-04,wk inc flu hosp,2023-02-18,nan,point,42,43.0,2,MOBS-GLEAM_FLUH
2023-02-04,wk inc flu hosp,2023-02-25,nan,point,42,35.0,3,MOBS-GLEAM_FLUH
2023-02-04,wk inc flu hosp,2023-02-04,0.01,quantile,42,22.0,0,MOBS-GLEAM_FLUH
2023-02-04,wk inc flu hosp,2023-02-11,0.01,quantile,42,14.0,1,MOBS-GLEAM_FLUH
2023-02-04,wk inc flu hosp,2023-02-18,0.01,quantile,42,10.0,2,MOBS-GLEAM_FLUH
2023-02-04,wk inc flu hosp,2023-02-25,0.01,quantile,42,8.0,3,MOBS-GLEAM_FLUH
2023-02-04,wk inc flu hosp,2023-02-04,0.025,quantile,42,29.0,0,MOBS-GLEAM_FLUH
2023-02-04,wk inc flu hosp,2023-02-11,0.025,quantile,42,19.0,1,MOBS-GLEAM_FLUH
2023-02-04,wk inc flu hosp,2023-02-18,0.025,quantile,42,13.0,2,MOBS-GLEAM_FLUH
2023-02-04,wk inc flu hosp,2023-02-25,0.025,quantile,42,11.0,3,MOBS-GLEAM_FLUH
2023-02-04,wk inc flu hosp,2023-02-04,0.05,quantile,42,36.0,0,MOBS-GLEAM_FLUH
2023-02-04,wk inc flu hosp,2023-02-11,0.05,quantile,42,23.0,1,MOBS-GLEAM_FLUH
2023-02-04,wk inc flu hosp,2023-02-18,0.05,quantile,42,17.0,2,MOBS-GLEAM_FLUH
2023-02-04,wk inc flu hosp,2023-02-25,0.05,quantile,42,14.0,3,MOBS-GLEAM_FLUH
2023-02-04,wk inc flu hosp,2023-02-04,0.1,quantile,42,45.0,0,MOBS-GLEAM_FLUH
2023-02-04,wk inc flu hosp,2023-02-11,0.1,quantile,42,29.0,1,MOBS-GLEAM_FLUH
2023-02-04,wk inc flu hosp,2023-02-18,0.1,quantile,42,21.0,2,MOBS-GLEAM_FLUH
2023-02-04,wk inc flu hosp,2023-02-25,0.1,quantile,42,17.0,3,MOBS-GLEAM_FLUH
2023-02-04,wk inc flu hosp,2023-02-04,0.15,quantile,42,52.0,0,MOBS-GLEAM_FLUH
2023-02-04,wk inc flu hosp,2023-02-11,0.15,quantile,42,34.0,1,MOBS-GLEAM_FLUH
2023-02-04,wk inc flu hosp,2023-02-18,0.15,quantile,42,25.0,2,MOBS-GLEAM_FLUH
2023-02-04,wk inc flu hosp,2023-02-25,0.15,quantile,42,20.0,3,MOBS-GLEAM_FLUH
2023-02-04,wk inc flu hosp,2023-02-04,0.2,quantile,42,58.0,0,MOBS-GLEAM_FLUH
2023-02-04,wk inc flu hosp,2023-02-11,0.2,quantile,42,38.0,1,MOBS-GLEAM_FLUH
2023-02-04,wk inc flu hosp,2023-02-18,0.2,quantile,42,28.0,2,MOBS-GLEAM_FLUH
2023-02-04,wk inc flu hosp,2023-02-25,0.2,quantile,42,23.0,3,MOBS-GLEAM_FLUH
2023-02-04,wk inc flu hosp,2023-02-04,0.25,quantile,42,63.0,0,MOBS-GLEAM_FLUH
2023-02-04,wk inc flu hosp,2023-02-11,0.25,quantile,42,41.0,1,MOBS-GLEAM_FLUH
2023-02-04,wk inc flu hosp,2023-02-18,0.25,quantile,42,30.0,2,MOBS-GLEAM_FLUH
2023-02-04,wk inc flu hosp,2023-02-25,0.25,quantile,42,25.0,3,MOBS-GLEAM_FLUH
2023-02-04,wk inc flu hosp,2023-02-04,0.3,quantile,42,68.0,0,MOBS-GLEAM_FLUH
2023-02-04,wk inc flu hosp,2023-02-11,0.3,quantile,42,45.0,1,MOBS-GLEAM_FLUH
2023-02-04,wk inc flu hosp,2023-02-18,0.3,quantile,42,33.0,2,MOBS-GLEAM_FLUH
2023-02-04,wk inc flu hosp,2023-02-25,0.3,quantile,42,27.0,3,MOBS-GLEAM_FLUH
2023-02-04,wk inc flu hosp,2023-02-04,0.35,quantile,42,73.0,0,MOBS-GLEAM_FLUH
2023-02-04,wk inc flu hosp,2023-02-11,0.35,quantile,42,48.0,1,MOBS-GLEAM_FLUH
2023-02-04,wk inc flu hosp,2023-02-18,0.35,quantile,42,36.0,2,MOBS-GLEAM_FLUH
2023-02-04,wk inc flu hosp,2023-02-25,0.35,quantile,42,29.0,3,MOBS-GLEAM_FLUH
2023-02-04,wk inc flu hosp,2023-02-04,0.4,quantile,42,78.0,0,MOBS-GLEAM_FLUH
2023-02-04,wk inc flu hosp,2023-02-11,0.4,quantile,42,51.0,1,MOBS-GLEAM_FLUH
2023-02-04,wk inc flu hosp,2023-02-18,0.4,quantile,42,38.0,2,MOBS-GLEAM_FLUH
2023-02-04,wk inc flu hosp,2023-02-25,0.4,quantile,42,31.0,3,MOBS-GLEAM_FLUH
2023-02-04,wk inc flu hosp,2023-02-04,0.45,quantile,42,83.0,0,MOBS-GLEAM_FLUH
2023-02-04,wk inc flu hosp,2023-02-11,0.45,quantile,42,55.0,1,MOBS-GLEAM_FLUH
2023-02-04,wk inc flu hosp,2023-02-18,0.45,quantile,42,41.0,2,MOBS-GLEAM_FLUH
2023-02-04,wk inc flu hosp,2023-02-25,0.45,quantile,42,33.0,3,MOBS-GLEAM_FLUH
2023-02-04,wk inc flu hosp,2023-02-04,0.5,quantile,42,89.0,0,MOBS-GLEAM_FLUH
2023-02-04,wk inc flu hosp,2023-02-11,0.5,quantile,42,58.0,1,MOBS-GLEAM_FLUH
2023-02-04,wk inc flu hosp,2023-02-18,0.5,quantile,42,43.0,2,MOBS-GLEAM_FLUH
2023-02-04,wk inc flu hosp,2023-02-25,0.5,quantile,42,35.0,3,MOBS-GLEAM_FLUH
2023-02-04,wk inc flu hosp,2023-02-04,0.55,quantile,42,94.0,0,MOBS-GLEAM_FLUH
2023-02-04,wk inc flu hosp,2023-02-11,0.55,quantile,42,62.0,1,MOBS-GLEAM_FLUH
2023-02-04,wk inc flu hosp,2023-02-18,0.55,quantile,42,46.0,2,MOBS-GLEAM_FLUH
2023-02-04,wk inc flu hosp,2023-02-25,0.55,quantile,42,38.0,3,MOBS-GLEAM_FLUH
2023-02-04,wk inc flu hosp,2023-02-04,0.6,quantile,42,100.0,0,MOBS-GLEAM_FLUH
2023-02-04,wk inc flu hosp,2023-02-11,0.6,quantile,42,66.0,1,MOBS-GLEAM_FLUH
2023-02-04,wk inc flu hosp,2023-02-18,0.6,quantile,42,49.0,2,MOBS-GLEAM_FLUH
2023-02-04,wk inc flu hosp,2023-02-25,0.6,quantile,42,40.0,3,MOBS-GLEAM_FLUH
2023-02-04,wk inc flu hosp,2023-02-04,0.65,quantile,42,106.0,0,MOBS-GLEAM_FLUH
2023-02-04,wk inc flu hosp,2023-02-11,0.65,quantile,42,70.0,1,MOBS-GLEAM_FLUH
2023-02-04,wk inc flu hosp,2023-02-18,0.65,quantile,42,52.0,2,MOBS-GLEAM_FLUH
2023-02-04,wk inc flu hosp,2023-02-25,0.65,quantile,42,42.0,3,MOBS-GLEAM_FLUH
2023-02-04,wk inc flu hosp,2023-02-04,0.7,quantile,42,112.0,0,MOBS-GLEAM_FLUH
2023-02-04,wk inc flu hosp,2023-02-11,0.7,quantile,42,74.0,1,MOBS-GLEAM_FLUH
2023-02-04,wk inc flu hosp,2023-02-18,0.7,quantile,42,55.0,2,MOBS-GLEAM_FLUH
2023-02-04,wk inc flu hosp,2023-02-25,0.7,quantile,42,45.0,3,MOBS-GLEAM_FLUH
2023-02-04,wk inc flu hosp,2023-02-04,0.75,quantile,42,120.0,0,MOBS-GLEAM_FLUH
2023-02-04,wk inc flu hosp,2023-02-11,0.75,quantile,42,79.0,1,MOBS-GLEAM_FLUH
2023-02-04,wk inc flu hosp,2023-02-18,0.75,quantile,42,59.0,2,MOBS-GLEAM_FLUH
2023-02-04,wk inc flu hosp,2023-02-25,0.75,quantile,42,48.0,3,MOBS-GLEAM_FLUH
2023-02-04,wk inc flu hosp,2023-02-04,0.8,quantile,42,129.0,0,MOBS-GLEAM_FLUH
2023-02-04,wk inc flu hosp,2023-02-11,0.8,quantile,42,85.0,1,MOBS-GLEAM_FLUH
2023-02-04,wk inc flu hosp,2023-02-18,0.8,quantile,42,63.0,2,MOBS-GLEAM_FLUH
2023-02-04,wk inc flu hosp,2023-02-25,0.8,quantile,42,52.0,3,MOBS-GLEAM_FLUH
2023-02-04,wk inc flu hosp,2023-02-04,0.85,quantile,42,139.0,0,MOBS-GLEAM_FLUH
2023-02-04,wk inc flu hosp,2023-02-11,0.85,quantile,42,92.0,1,MOBS-GLEAM_FLUH
2023-02-04,wk inc flu hosp,2023-02-18,0.85,quantile,42,68.0,2,MOBS-GLEAM_FLUH
2023-02-04,wk inc flu hosp,2023-02-25,0.85,quantile,42,56.0,3,MOBS-GLEAM_FLUH
2023-02-04,wk inc flu hosp,2023-02-04,0.9,quantile,42,153.0,0,MOBS-GLEAM_FLUH
2023-02-04,wk inc flu hosp,2023-02-11,0.9,quantile,42,102.0,1,MOBS-GLEAM_FLUH
2023-02-04,wk inc flu hosp,2023-02-18,0.9,quantile,42,76.0,2,MOBS-GLEAM_FLUH
2023-02-04,wk inc flu hosp,2023-02-25,0.9,quantile,42,62.0,3,MOBS-GLEAM_FLUH
2023-02-04,wk inc flu hosp,2023-02-04,0.95,quantile,42,176.0,0,MOBS-GLEAM_FLUH
2023-02-04,wk inc flu hosp,2023-02-11,0.95,quantile,42,117.0,1,MOBS-GLEAM_FLUH
2023-02-04,wk inc flu hosp,2023-02-18,0.95,quantile,42,87.0,2,MOBS-GLEAM_FLUH
2023-02-04,wk inc flu hosp,2023-02-25,0.95,quantile,42,72.0,3,MOBS-GLEAM_FLUH
2023-02-04,wk inc flu hosp,2023-02-04,0.975,quantile,42,197.0,0,MOBS-GLEAM_FLUH
2023-02-04,wk inc flu hosp,2023-02-11,0.975,quantile,42,131.0,1,MOBS-GLEAM_FLUH
2023-02-04,wk inc flu hosp,2023-02-18,0.975,quantile,42,97.0,2,MOBS-GLEAM_FLUH
2023-02-04,wk inc flu hosp,2023-02-25,0.975,quantile,42,80.0,3,MOBS-GLEAM_FLUH
2023-02-04,wk inc flu hosp,2023-02-04,0.99,quantile,42,224.0,0,MOBS-GLEAM_FLUH
2023-02-04,wk inc flu hosp,2023-02-11,0.99,quantile,42,149.0,1,MOBS-GLEAM_FLUH
2023-02-04,wk inc flu hosp,2023-02-18,0.99,quantile,42,111.0,2,MOBS-GLEAM_FLUH
2023-02-04,wk inc flu hosp,2023-02-25,0.99,quantile,42,91.0,3,MOBS-GLEAM_FLUH
2023-02-04,wk inc flu hosp,2023-02-04,nan,point,44,8.0,0,MOBS-GLEAM_FLUH
2023-02-04,wk inc flu hosp,2023-02-11,nan,point,44,5.0,1,MOBS-GLEAM_FLUH
2023-02-04,wk inc flu hosp,2023-02-18,nan,point,44,3.0,2,MOBS-GLEAM_FLUH
2023-02-04,wk inc flu hosp,2023-02-25,nan,point,44,1.0,3,MOBS-GLEAM_FLUH
2023-02-04,wk inc flu hosp,2023-02-04,0.01,quantile,44,1.0,0,MOBS-GLEAM_FLUH
2023-02-04,wk inc flu hosp,2023-02-11,0.01,quantile,44,0.0,1,MOBS-GLEAM_FLUH
2023-02-04,wk inc flu hosp,2023-02-18,0.01,quantile,44,0.0,2,MOBS-GLEAM_FLUH
2023-02-04,wk inc flu hosp,2023-02-25,0.01,quantile,44,0.0,3,MOBS-GLEAM_FLUH
2023-02-04,wk inc flu hosp,2023-02-04,0.025,quantile,44,1.0,0,MOBS-GLEAM_FLUH
2023-02-04,wk inc flu hosp,2023-02-11,0.025,quantile,44,0.0,1,MOBS-GLEAM_FLUH
2023-02-04,wk inc flu hosp,2023-02-18,0.025,quantile,44,0.0,2,MOBS-GLEAM_FLUH
2023-02-04,wk inc flu hosp,2023-02-25,0.025,quantile,44,0.0,3,MOBS-GLEAM_FLUH
2023-02-04,wk inc flu hosp,2023-02-04,0.05,quantile,44,2.0,0,MOBS-GLEAM_FLUH
2023-02-04,wk inc flu hosp,2023-02-11,0.05,quantile,44,1.0,1,MOBS-GLEAM_FLUH
2023-02-04,wk inc flu hosp,2023-02-18,0.05,quantile,44,0.0,2,MOBS-GLEAM_FLUH
2023-02-04,wk inc flu hosp,2023-02-25,0.05,quantile,44,0.0,3,MOBS-GLEAM_FLUH
2023-02-04,wk inc flu hosp,2023-02-04,0.1,quantile,44,3.0,0,MOBS-GLEAM_FLUH
2023-02-04,wk inc flu hosp,2023-02-11,0.1,quantile,44,2.0,1,MOBS-GLEAM_FLUH
2023-02-04,wk inc flu hosp,2023-02-18,0.1,quantile,44,1.0,2,MOBS-GLEAM_FLUH
2023-02-04,wk inc flu hosp,2023-02-25,0.1,quantile,44,0.0,3,MOBS-GLEAM_FLUH
2023-02-04,wk inc flu hosp,2023-02-04,0.15,quantile,44,4.0,0,MOBS-GLEAM_FLUH
2023-02-04,wk inc flu hosp,2023-02-11,0.15,quantile,44,2.0,1,MOBS-GLEAM_FLUH
2023-02-04,wk inc flu hosp,2023-02-18,0.15,quantile,44,1.0,2,MOBS-GLEAM_FLUH
2023-02-04,wk inc flu hosp,2023-02-25,0.15,quantile,44,0.0,3,MOBS-GLEAM_FLUH
2023-02-04,wk inc flu hosp,2023-02-04,0.2,quantile,44,4.0,0,MOBS-GLEAM_FLUH
2023-02-04,wk inc flu hosp,2023-02-11,0.2,quantile,44,2.0,1,MOBS-GLEAM_FLUH
2023-02-04,wk inc flu hosp,2023-02-18,0.2,quantile,44,1.0,2,MOBS-GLEAM_FLUH
2023-02-04,wk inc flu hosp,2023-02-25,0.2,quantile,44,0.0,3,MOBS-GLEAM_FLUH
2023-02-04,wk inc flu hosp,2023-02-04,0.25,quantile,44,5.0,0,MOBS-GLEAM_FLUH
2023-02-04,wk inc flu hosp,2023-02-11,0.25,quantile,44,3.0,1,MOBS-GLEAM_FLUH
2023-02-04,wk inc flu hosp,2023-02-18,0.25,quantile,44,1.0,2,MOBS-GLEAM_FLUH
2023-02-04,wk inc flu hosp,2023-02-25,0.25,quantile,44,0.0,3,MOBS-GLEAM_FLUH
2023-02-04,wk inc flu hosp,2023-02-04,0.3,quantile,44,5.0,0,MOBS-GLEAM_FLUH
2023-02-04,wk inc flu hosp,2023-02-11,0.3,quantile,44,3.0,1,MOBS-GLEAM_FLUH
2023-02-04,wk inc flu hosp,2023-02-18,0.3,quantile,44,2.0,2,MOBS-GLEAM_FLUH
2023-02-04,wk inc flu hosp,2023-02-25,0.3,quantile,44,1.0,3,MOBS-GLEAM_FLUH
2023-02-04,wk inc flu hosp,2023-02-04,0.35,quantile,44,6.0,0,MOBS-GLEAM_FLUH
2023-02-04,wk inc flu hosp,2023-02-11,0.35,quantile,44,4.0,1,MOBS-GLEAM_FLUH
2023-02-04,wk inc flu hosp,2023-02-18,0.35,quantile,44,2.0,2,MOBS-GLEAM_FLUH
2023-02-04,wk inc flu hosp,2023-02-25,0.35,quantile,44,1.0,3,MOBS-GLEAM_FLUH
2023-02-04,wk inc flu hosp,2023-02-04,0.4,quantile,44,6.0,0,MOBS-GLEAM_FLUH
2023-02-04,wk inc flu hosp,2023-02-11,0.4,quantile,44,4.0,1,MOBS-GLEAM_FLUH
2023-02-04,wk inc flu hosp,2023-02-18,0.4,quantile,44,2.0,2,MOBS-GLEAM_FLUH
2023-02-04,wk inc flu hosp,2023-02-25,0.4,quantile,44,1.0,3,MOBS-GLEAM_FLUH
2023-02-04,wk inc flu hosp,2023-02-04,0.45,quantile,44,7.0,0,MOBS-GLEAM_FLUH
2023-02-04,wk inc flu hosp,2023-02-11,0.45,quantile,44,4.0,1,MOBS-GLEAM_FLUH
2023-02-04,wk inc flu hosp,2023-02-18,0.45,quantile,44,2.0,2,MOBS-GLEAM_FLUH
2023-02-04,wk inc flu hosp,2023-02-25,0.45,quantile,44,1.0,3,MOBS-GLEAM_FLUH
2023-02-04,wk inc flu hosp,2023-02-04,0.5,quantile,44,8.0,0,MOBS-GLEAM_FLUH
2023-02-04,wk inc flu hosp,2023-02-11,0.5,quantile,44,5.0,1,MOBS-GLEAM_FLUH
2023-02-04,wk inc flu hosp,2023-02-18,0.5,quantile,44,3.0,2,MOBS-GLEAM_FLUH
2023-02-04,wk inc flu hosp,2023-02-25,0.5,quantile,44,1.0,3,MOBS-GLEAM_FLUH
2023-02-04,wk inc flu hosp,2023-02-04,0.55,quantile,44,8.0,0,MOBS-GLEAM_FLUH
2023-02-04,wk inc flu hosp,2023-02-11,0.55,quantile,44,5.0,1,MOBS-GLEAM_FLUH
2023-02-04,wk inc flu hosp,2023-02-18,0.55,quantile,44,3.0,2,MOBS-GLEAM_FLUH
2023-02-04,wk inc flu hosp,2023-02-25,0.55,quantile,44,1.0,3,MOBS-GLEAM_FLUH
2023-02-04,wk inc flu hosp,2023-02-04,0.6,quantile,44,9.0,0,MOBS-GLEAM_FLUH
2023-02-04,wk inc flu hosp,2023-02-11,0.6,quantile,44,6.0,1,MOBS-GLEAM_FLUH
2023-02-04,wk inc flu hosp,2023-02-18,0.6,quantile,44,3.0,2,MOBS-GLEAM_FLUH
2023-02-04,wk inc flu hosp,2023-02-25,0.6,quantile,44,2.0,3,MOBS-GLEAM_FLUH
2023-02-04,wk inc flu hosp,2023-02-04,0.65,quantile,44,9.0,0,MOBS-GLEAM_FLUH
2023-02-04,wk inc flu hosp,2023-02-11,0.65,quantile,44,6.0,1,MOBS-GLEAM_FLUH
2023-02-04,wk inc flu hosp,2023-02-18,0.65,quantile,44,4.0,2,MOBS-GLEAM_FLUH
2023-02-04,wk inc flu hosp,2023-02-25,0.65,quantile,44,2.0,3,MOBS-GLEAM_FLUH
2023-02-04,wk inc flu hosp,2023-02-04,0.7,quantile,44,10.0,0,MOBS-GLEAM_FLUH
2023-02-04,wk inc flu hosp,2023-02-11,0.7,quantile,44,7.0,1,MOBS-GLEAM_FLUH
2023-02-04,wk inc flu hosp,2023-02-18,0.7,quantile,44,4.0,2,MOBS-GLEAM_FLUH
2023-02-04,wk inc flu hosp,2023-02-25,0.7,quantile,44,2.0,3,MOBS-GLEAM_FLUH
2023-02-04,wk inc flu hosp,2023-02-04,0.75,quantile,44,11.0,0,MOBS-GLEAM_FLUH
2023-02-04,wk inc flu hosp,2023-02-11,0.75,quantile,44,7.0,1,MOBS-GLEAM_FLUH
2023-02-04,wk inc flu hosp,2023-02-18,0.75,quantile,44,4.0,2,MOBS-GLEAM_FLUH
2023-02-04,wk inc flu hosp,2023-02-25,0.75,quantile,44,2.0,3,MOBS-GLEAM_FLUH
2023-02-04,wk inc flu hosp,2023-02-04,0.8,quantile,44,12.0,0,MOBS-GLEAM_FLUH
2023-02-04,wk inc flu hosp,2023-02-11,0.8,quantile,44,8.0,1,MOBS-GLEAM_FLUH
2023-02-04,wk inc flu hosp,2023-02-18,0.8,quantile,44,5.0,2,MOBS-GLEAM_FLUH
2023-02-04,wk inc flu hosp,2023-02-25,0.8,quantile,44,3.0,3,MOBS-GLEAM_FLUH
2023-02-04,wk inc flu hosp,2023-02-04,0.85,quantile,44,13.0,0,MOBS-GLEAM_FLUH
2023-02-04,wk inc flu hosp,2023-02-11,0.85,quantile,44,9.0,1,MOBS-GLEAM_FLUH
2023-02-04,wk inc flu hosp,2023-02-18,0.85,quantile,44,5.0,2,MOBS-GLEAM_FLUH
2023-02-04,wk inc flu hosp,2023-02-25,0.85,quantile,44,3.0,3,MOBS-GLEAM_FLUH
2023-02-04,wk inc flu hosp,2023-02-04,0.9,quantile,44,14.0,0,MOBS-GLEAM_FLUH
2023-02-04,wk inc flu hosp,2023-02-11,0.9,quantile,44,10.0,1,MOBS-GLEAM_FLUH
2023-02-04,wk inc flu hosp,2023-02-18,0.9,quantile,44,6.0,2,MOBS-GLEAM_FLUH
2023-02-04,wk inc flu hosp,2023-02-25,0.9,quantile,44,3.0,3,MOBS-GLEAM_FLUH
2023-02-04,wk inc flu hosp,2023-02-04,0.95,quantile,44,17.0,0,MOBS-GLEAM_FLUH
2023-02-04,wk inc flu hosp,2023-02-11,0.95,quantile,44,11.0,1,MOBS-GLEAM_FLUH
2023-02-04,wk inc flu hosp,2023-02-18,0.95,quantile,44,7.0,2,MOBS-GLEAM_FLUH
2023-02-04,wk inc flu hosp,2023-02-25,0.95,quantile,44,4.0,3,MOBS-GLEAM_FLUH
2023-02-04,wk inc flu hosp,2023-02-04,0.975,quantile,44,19.0,0,MOBS-GLEAM_FLUH
2023-02-04,wk inc flu hosp,2023-02-11,0.975,quantile,44,13.0,1,MOBS-GLEAM_FLUH
2023-02-04,wk inc flu hosp,2023-02-18,0.975,quantile,44,8.0,2,MOBS-GLEAM_FLUH
2023-02-04,wk inc flu hosp,2023-02-25,0.975,quantile,44,5.0,3,MOBS-GLEAM_FLUH
2023-02-04,wk inc flu hosp,2023-02-04,0.99,quantile,44,22.0,0,MOBS-GLEAM_FLUH
2023-02-04,wk inc flu hosp,2023-02-11,0.99,quantile,44,15.0,1,MOBS-GLEAM_FLUH
2023-02-04,wk inc flu hosp,2023-02-18,0.99,quantile,44,10.0,2,MOBS-GLEAM_FLUH
2023-02-04,wk inc flu hosp,2023-02-25,0.99,quantile,44,6.0,3,MOBS-GLEAM_FLUH
2023-02-04,wk inc flu hosp,2023-02-04,nan,point,45,28.0,0,MOBS-GLEAM_FLUH
2023-02-04,wk inc flu hosp,2023-02-11,nan,point,45,23.0,1,MOBS-GLEAM_FLUH
2023-02-04,wk inc flu hosp,2023-02-18,nan,point,45,20.0,2,MOBS-GLEAM_FLUH
2023-02-04,wk inc flu hosp,2023-02-25,nan,point,45,17.0,3,MOBS-GLEAM_FLUH
2023-02-04,wk inc flu hosp,2023-02-04,0.01,quantile,45,6.0,0,MOBS-GLEAM_FLUH
2023-02-04,wk inc flu hosp,2023-02-11,0.01,quantile,45,5.0,1,MOBS-GLEAM_FLUH
2023-02-04,wk inc flu hosp,2023-02-18,0.01,quantile,45,4.0,2,MOBS-GLEAM_FLUH
2023-02-04,wk inc flu hosp,2023-02-25,0.01,quantile,45,3.0,3,MOBS-GLEAM_FLUH
2023-02-04,wk inc flu hosp,2023-02-04,0.025,quantile,45,8.0,0,MOBS-GLEAM_FLUH
2023-02-04,wk inc flu hosp,2023-02-11,0.025,quantile,45,7.0,1,MOBS-GLEAM_FLUH
2023-02-04,wk inc flu hosp,2023-02-18,0.025,quantile,45,5.0,2,MOBS-GLEAM_FLUH
2023-02-04,wk inc flu hosp,2023-02-25,0.025,quantile,45,5.0,3,MOBS-GLEAM_FLUH
2023-02-04,wk inc flu hosp,2023-02-04,0.05,quantile,45,11.0,0,MOBS-GLEAM_FLUH
2023-02-04,wk inc flu hosp,2023-02-11,0.05,quantile,45,8.0,1,MOBS-GLEAM_FLUH
2023-02-04,wk inc flu hosp,2023-02-18,0.05,quantile,45,7.0,2,MOBS-GLEAM_FLUH
2023-02-04,wk inc flu hosp,2023-02-25,0.05,quantile,45,6.0,3,MOBS-GLEAM_FLUH
2023-02-04,wk inc flu hosp,2023-02-04,0.1,quantile,45,14.0,0,MOBS-GLEAM_FLUH
2023-02-04,wk inc flu hosp,2023-02-11,0.1,quantile,45,11.0,1,MOBS-GLEAM_FLUH
2023-02-04,wk inc flu hosp,2023-02-18,0.1,quantile,45,9.0,2,MOBS-GLEAM_FLUH
2023-02-04,wk inc flu hosp,2023-02-25,0.1,quantile,45,8.0,3,MOBS-GLEAM_FLUH
2023-02-04,wk inc flu hosp,2023-02-04,0.15,quantile,45,16.0,0,MOBS-GLEAM_FLUH
2023-02-04,wk inc flu hosp,2023-02-11,0.15,quantile,45,13.0,1,MOBS-GLEAM_FLUH
2023-02-04,wk inc flu hosp,2023-02-18,0.15,quantile,45,11.0,2,MOBS-GLEAM_FLUH
2023-02-04,wk inc flu hosp,2023-02-25,0.15,quantile,45,9.0,3,MOBS-GLEAM_FLUH
2023-02-04,wk inc flu hosp,2023-02-04,0.2,quantile,45,18.0,0,MOBS-GLEAM_FLUH
2023-02-04,wk inc flu hosp,2023-02-11,0.2,quantile,45,14.0,1,MOBS-GLEAM_FLUH
2023-02-04,wk inc flu hosp,2023-02-18,0.2,quantile,45,12.0,2,MOBS-GLEAM_FLUH
2023-02-04,wk inc flu hosp,2023-02-25,0.2,quantile,45,11.0,3,MOBS-GLEAM_FLUH
2023-02-04,wk inc flu hosp,2023-02-04,0.25,quantile,45,20.0,0,MOBS-GLEAM_FLUH
2023-02-04,wk inc flu hosp,2023-02-11,0.25,quantile,45,16.0,1,MOBS-GLEAM_FLUH
2023-02-04,wk inc flu hosp,2023-02-18,0.25,quantile,45,13.0,2,MOBS-GLEAM_FLUH
2023-02-04,wk inc flu hosp,2023-02-25,0.25,quantile,45,12.0,3,MOBS-GLEAM_FLUH
2023-02-04,wk inc flu hosp,2023-02-04,0.3,quantile,45,21.0,0,MOBS-GLEAM_FLUH
2023-02-04,wk inc flu hosp,2023-02-11,0.3,quantile,45,17.0,1,MOBS-GLEAM_FLUH
2023-02-04,wk inc flu hosp,2023-02-18,0.3,quantile,45,15.0,2,MOBS-GLEAM_FLUH
2023-02-04,wk inc flu hosp,2023-02-25,0.3,quantile,45,13.0,3,MOBS-GLEAM_FLUH
2023-02-04,wk inc flu hosp,2023-02-04,0.35,quantile,45,23.0,0,MOBS-GLEAM_FLUH
2023-02-04,wk inc flu hosp,2023-02-11,0.35,quantile,45,19.0,1,MOBS-GLEAM_FLUH
2023-02-04,wk inc flu hosp,2023-02-18,0.35,quantile,45,16.0,2,MOBS-GLEAM_FLUH
2023-02-04,wk inc flu hosp,2023-02-25,0.35,quantile,45,14.0,3,MOBS-GLEAM_FLUH
2023-02-04,wk inc flu hosp,2023-02-04,0.4,quantile,45,25.0,0,MOBS-GLEAM_FLUH
2023-02-04,wk inc flu hosp,2023-02-11,0.4,quantile,45,20.0,1,MOBS-GLEAM_FLUH
2023-02-04,wk inc flu hosp,2023-02-18,0.4,quantile,45,17.0,2,MOBS-GLEAM_FLUH
2023-02-04,wk inc flu hosp,2023-02-25,0.4,quantile,45,15.0,3,MOBS-GLEAM_FLUH
2023-02-04,wk inc flu hosp,2023-02-04,0.45,quantile,45,26.0,0,MOBS-GLEAM_FLUH
2023-02-04,wk inc flu hosp,2023-02-11,0.45,quantile,45,22.0,1,MOBS-GLEAM_FLUH
2023-02-04,wk inc flu hosp,2023-02-18,0.45,quantile,45,18.0,2,MOBS-GLEAM_FLUH
2023-02-04,wk inc flu hosp,2023-02-25,0.45,quantile,45,16.0,3,MOBS-GLEAM_FLUH
2023-02-04,wk inc flu hosp,2023-02-04,0.5,quantile,45,28.0,0,MOBS-GLEAM_FLUH
2023-02-04,wk inc flu hosp,2023-02-11,0.5,quantile,45,23.0,1,MOBS-GLEAM_FLUH
2023-02-04,wk inc flu hosp,2023-02-18,0.5,quantile,45,20.0,2,MOBS-GLEAM_FLUH
2023-02-04,wk inc flu hosp,2023-02-25,0.5,quantile,45,17.0,3,MOBS-GLEAM_FLUH
2023-02-04,wk inc flu hosp,2023-02-04,0.55,quantile,45,30.0,0,MOBS-GLEAM_FLUH
2023-02-04,wk inc flu hosp,2023-02-11,0.55,quantile,45,25.0,1,MOBS-GLEAM_FLUH
2023-02-04,wk inc flu hosp,2023-02-18,0.55,quantile,45,21.0,2,MOBS-GLEAM_FLUH
2023-02-04,wk inc flu hosp,2023-02-25,0.55,quantile,45,19.0,3,MOBS-GLEAM_FLUH
2023-02-04,wk inc flu hosp,2023-02-04,0.6,quantile,45,32.0,0,MOBS-GLEAM_FLUH
2023-02-04,wk inc flu hosp,2023-02-11,0.6,quantile,45,26.0,1,MOBS-GLEAM_FLUH
2023-02-04,wk inc flu hosp,2023-02-18,0.6,quantile,45,22.0,2,MOBS-GLEAM_FLUH
2023-02-04,wk inc flu hosp,2023-02-25,0.6,quantile,45,20.0,3,MOBS-GLEAM_FLUH
2023-02-04,wk inc flu hosp,2023-02-04,0.65,quantile,45,34.0,0,MOBS-GLEAM_FLUH
2023-02-04,wk inc flu hosp,2023-02-11,0.65,quantile,45,28.0,1,MOBS-GLEAM_FLUH
2023-02-04,wk inc flu hosp,2023-02-18,0.65,quantile,45,24.0,2,MOBS-GLEAM_FLUH
2023-02-04,wk inc flu hosp,2023-02-25,0.65,quantile,45,21.0,3,MOBS-GLEAM_FLUH
2023-02-04,wk inc flu hosp,2023-02-04,0.7,quantile,45,36.0,0,MOBS-GLEAM_FLUH
2023-02-04,wk inc flu hosp,2023-02-11,0.7,quantile,45,30.0,1,MOBS-GLEAM_FLUH
2023-02-04,wk inc flu hosp,2023-02-18,0.7,quantile,45,25.0,2,MOBS-GLEAM_FLUH
2023-02-04,wk inc flu hosp,2023-02-25,0.7,quantile,45,23.0,3,MOBS-GLEAM_FLUH
2023-02-04,wk inc flu hosp,2023-02-04,0.75,quantile,45,39.0,0,MOBS-GLEAM_FLUH
2023-02-04,wk inc flu hosp,2023-02-11,0.75,quantile,45,32.0,1,MOBS-GLEAM_FLUH
2023-02-04,wk inc flu hosp,2023-02-18,0.75,quantile,45,27.0,2,MOBS-GLEAM_FLUH
2023-02-04,wk inc flu hosp,2023-02-25,0.75,quantile,45,24.0,3,MOBS-GLEAM_FLUH
2023-02-04,wk inc flu hosp,2023-02-04,0.8,quantile,45,42.0,0,MOBS-GLEAM_FLUH
2023-02-04,wk inc flu hosp,2023-02-11,0.8,quantile,45,34.0,1,MOBS-GLEAM_FLUH
2023-02-04,wk inc flu hosp,2023-02-18,0.8,quantile,45,29.0,2,MOBS-GLEAM_FLUH
2023-02-04,wk inc flu hosp,2023-02-25,0.8,quantile,45,26.0,3,MOBS-GLEAM_FLUH
2023-02-04,wk inc flu hosp,2023-02-04,0.85,quantile,45,45.0,0,MOBS-GLEAM_FLUH
2023-02-04,wk inc flu hosp,2023-02-11,0.85,quantile,45,37.0,1,MOBS-GLEAM_FLUH
2023-02-04,wk inc flu hosp,2023-02-18,0.85,quantile,45,32.0,2,MOBS-GLEAM_FLUH
2023-02-04,wk inc flu hosp,2023-02-25,0.85,quantile,45,28.0,3,MOBS-GLEAM_FLUH
2023-02-04,wk inc flu hosp,2023-02-04,0.9,quantile,45,50.0,0,MOBS-GLEAM_FLUH
2023-02-04,wk inc flu hosp,2023-02-11,0.9,quantile,45,41.0,1,MOBS-GLEAM_FLUH
2023-02-04,wk inc flu hosp,2023-02-18,0.9,quantile,45,35.0,2,MOBS-GLEAM_FLUH
2023-02-04,wk inc flu hosp,2023-02-25,0.9,quantile,45,31.0,3,MOBS-GLEAM_FLUH
2023-02-04,wk inc flu hosp,2023-02-04,0.95,quantile,45,58.0,0,MOBS-GLEAM_FLUH
2023-02-04,wk inc flu hosp,2023-02-11,0.95,quantile,45,48.0,1,MOBS-GLEAM_FLUH
2023-02-04,wk inc flu hosp,2023-02-18,0.95,quantile,45,41.0,2,MOBS-GLEAM_FLUH
2023-02-04,wk inc flu hosp,2023-02-25,0.95,quantile,45,36.0,3,MOBS-GLEAM_FLUH
2023-02-04,wk inc flu hosp,2023-02-04,0.975,quantile,45,65.0,0,MOBS-GLEAM_FLUH
2023-02-04,wk inc flu hosp,2023-02-11,0.975,quantile,45,54.0,1,MOBS-GLEAM_FLUH
2023-02-04,wk inc flu hosp,2023-02-18,0.975,quantile,45,46.0,2,MOBS-GLEAM_FLUH
2023-02-04,wk inc flu hosp,2023-02-25,0.975,quantile,45,41.0,3,MOBS-GLEAM_FLUH
2023-02-04,wk inc flu hosp,2023-02-04,0.99,quantile,45,74.0,0,MOBS-GLEAM_FLUH
2023-02-04,wk inc flu hosp,2023-02-11,0.99,quantile,45,61.0,1,MOBS-GLEAM_FLUH
2023-02-04,wk inc flu hosp,2023-02-18,0.99,quantile,45,52.0,2,MOBS-GLEAM_FLUH
2023-02-04,wk inc flu hosp,2023-02-25,0.99,quantile,45,47.0,3,MOBS-GLEAM_FLUH
2023-02-04,wk inc flu hosp,2023-02-04,nan,point,46,11.0,0,MOBS-GLEAM_FLUH
2023-02-04,wk inc flu hosp,2023-02-11,nan,point,46,9.0,1,MOBS-GLEAM_FLUH
2023-02-04,wk inc flu hosp,2023-02-18,nan,point,46,8.0,2,MOBS-GLEAM_FLUH
2023-02-04,wk inc flu hosp,2023-02-25,nan,point,46,7.0,3,MOBS-GLEAM_FLUH
2023-02-04,wk inc flu hosp,2023-02-04,0.01,quantile,46,1.0,0,MOBS-GLEAM_FLUH
2023-02-04,wk inc flu hosp,2023-02-11,0.01,quantile,46,1.0,1,MOBS-GLEAM_FLUH
2023-02-04,wk inc flu hosp,2023-02-18,0.01,quantile,46,1.0,2,MOBS-GLEAM_FLUH
2023-02-04,wk inc flu hosp,2023-02-25,0.01,quantile,46,1.0,3,MOBS-GLEAM_FLUH
2023-02-04,wk inc flu hosp,2023-02-04,0.025,quantile,46,2.0,0,MOBS-GLEAM_FLUH
2023-02-04,wk inc flu hosp,2023-02-11,0.025,quantile,46,2.0,1,MOBS-GLEAM_FLUH
2023-02-04,wk inc flu hosp,2023-02-18,0.025,quantile,46,1.0,2,MOBS-GLEAM_FLUH
2023-02-04,wk inc flu hosp,2023-02-25,0.025,quantile,46,1.0,3,MOBS-GLEAM_FLUH
2023-02-04,wk inc flu hosp,2023-02-04,0.05,quantile,46,3.0,0,MOBS-GLEAM_FLUH
2023-02-04,wk inc flu hosp,2023-02-11,0.05,quantile,46,2.0,1,MOBS-GLEAM_FLUH
2023-02-04,wk inc flu hosp,2023-02-18,0.05,quantile,46,2.0,2,MOBS-GLEAM_FLUH
2023-02-04,wk inc flu hosp,2023-02-25,0.05,quantile,46,2.0,3,MOBS-GLEAM_FLUH
2023-02-04,wk inc flu hosp,2023-02-04,0.1,quantile,46,4.0,0,MOBS-GLEAM_FLUH
2023-02-04,wk inc flu hosp,2023-02-11,0.1,quantile,46,3.0,1,MOBS-GLEAM_FLUH
2023-02-04,wk inc flu hosp,2023-02-18,0.1,quantile,46,3.0,2,MOBS-GLEAM_FLUH
2023-02-04,wk inc flu hosp,2023-02-25,0.1,quantile,46,3.0,3,MOBS-GLEAM_FLUH
2023-02-04,wk inc flu hosp,2023-02-04,0.15,quantile,46,5.0,0,MOBS-GLEAM_FLUH
2023-02-04,wk inc flu hosp,2023-02-11,0.15,quantile,46,4.0,1,MOBS-GLEAM_FLUH
2023-02-04,wk inc flu hosp,2023-02-18,0.15,quantile,46,4.0,2,MOBS-GLEAM_FLUH
2023-02-04,wk inc flu hosp,2023-02-25,0.15,quantile,46,3.0,3,MOBS-GLEAM_FLUH
2023-02-04,wk inc flu hosp,2023-02-04,0.2,quantile,46,6.0,0,MOBS-GLEAM_FLUH
2023-02-04,wk inc flu hosp,2023-02-11,0.2,quantile,46,5.0,1,MOBS-GLEAM_FLUH
2023-02-04,wk inc flu hosp,2023-02-18,0.2,quantile,46,4.0,2,MOBS-GLEAM_FLUH
2023-02-04,wk inc flu hosp,2023-02-25,0.2,quantile,46,4.0,3,MOBS-GLEAM_FLUH
2023-02-04,wk inc flu hosp,2023-02-04,0.25,quantile,46,7.0,0,MOBS-GLEAM_FLUH
2023-02-04,wk inc flu hosp,2023-02-11,0.25,quantile,46,6.0,1,MOBS-GLEAM_FLUH
2023-02-04,wk inc flu hosp,2023-02-18,0.25,quantile,46,5.0,2,MOBS-GLEAM_FLUH
2023-02-04,wk inc flu hosp,2023-02-25,0.25,quantile,46,4.0,3,MOBS-GLEAM_FLUH
2023-02-04,wk inc flu hosp,2023-02-04,0.3,quantile,46,8.0,0,MOBS-GLEAM_FLUH
2023-02-04,wk inc flu hosp,2023-02-11,0.3,quantile,46,6.0,1,MOBS-GLEAM_FLUH
2023-02-04,wk inc flu hosp,2023-02-18,0.3,quantile,46,5.0,2,MOBS-GLEAM_FLUH
2023-02-04,wk inc flu hosp,2023-02-25,0.3,quantile,46,5.0,3,MOBS-GLEAM_FLUH
2023-02-04,wk inc flu hosp,2023-02-04,0.35,quantile,46,8.0,0,MOBS-GLEAM_FLUH
2023-02-04,wk inc flu hosp,2023-02-11,0.35,quantile,46,7.0,1,MOBS-GLEAM_FLUH
2023-02-04,wk inc flu hosp,2023-02-18,0.35,quantile,46,6.0,2,MOBS-GLEAM_FLUH
2023-02-04,wk inc flu hosp,2023-02-25,0.35,quantile,46,5.0,3,MOBS-GLEAM_FLUH
2023-02-04,wk inc flu hosp,2023-02-04,0.4,quantile,46,9.0,0,MOBS-GLEAM_FLUH
2023-02-04,wk inc flu hosp,2023-02-11,0.4,quantile,46,7.0,1,MOBS-GLEAM_FLUH
2023-02-04,wk inc flu hosp,2023-02-18,0.4,quantile,46,6.0,2,MOBS-GLEAM_FLUH
2023-02-04,wk inc flu hosp,2023-02-25,0.4,quantile,46,6.0,3,MOBS-GLEAM_FLUH
2023-02-04,wk inc flu hosp,2023-02-04,0.45,quantile,46,10.0,0,MOBS-GLEAM_FLUH
2023-02-04,wk inc flu hosp,2023-02-11,0.45,quantile,46,8.0,1,MOBS-GLEAM_FLUH
2023-02-04,wk inc flu hosp,2023-02-18,0.45,quantile,46,7.0,2,MOBS-GLEAM_FLUH
2023-02-04,wk inc flu hosp,2023-02-25,0.45,quantile,46,7.0,3,MOBS-GLEAM_FLUH
2023-02-04,wk inc flu hosp,2023-02-04,0.5,quantile,46,11.0,0,MOBS-GLEAM_FLUH
2023-02-04,wk inc flu hosp,2023-02-11,0.5,quantile,46,9.0,1,MOBS-GLEAM_FLUH
2023-02-04,wk inc flu hosp,2023-02-18,0.5,quantile,46,8.0,2,MOBS-GLEAM_FLUH
2023-02-04,wk inc flu hosp,2023-02-25,0.5,quantile,46,7.0,3,MOBS-GLEAM_FLUH
2023-02-04,wk inc flu hosp,2023-02-04,0.55,quantile,46,11.0,0,MOBS-GLEAM_FLUH
2023-02-04,wk inc flu hosp,2023-02-11,0.55,quantile,46,9.0,1,MOBS-GLEAM_FLUH
2023-02-04,wk inc flu hosp,2023-02-18,0.55,quantile,46,8.0,2,MOBS-GLEAM_FLUH
2023-02-04,wk inc flu hosp,2023-02-25,0.55,quantile,46,8.0,3,MOBS-GLEAM_FLUH
2023-02-04,wk inc flu hosp,2023-02-04,0.6,quantile,46,12.0,0,MOBS-GLEAM_FLUH
2023-02-04,wk inc flu hosp,2023-02-11,0.6,quantile,46,10.0,1,MOBS-GLEAM_FLUH
2023-02-04,wk inc flu hosp,2023-02-18,0.6,quantile,46,9.0,2,MOBS-GLEAM_FLUH
2023-02-04,wk inc flu hosp,2023-02-25,0.6,quantile,46,8.0,3,MOBS-GLEAM_FLUH
2023-02-04,wk inc flu hosp,2023-02-04,0.65,quantile,46,13.0,0,MOBS-GLEAM_FLUH
2023-02-04,wk inc flu hosp,2023-02-11,0.65,quantile,46,11.0,1,MOBS-GLEAM_FLUH
2023-02-04,wk inc flu hosp,2023-02-18,0.65,quantile,46,9.0,2,MOBS-GLEAM_FLUH
2023-02-04,wk inc flu hosp,2023-02-25,0.65,quantile,46,9.0,3,MOBS-GLEAM_FLUH
2023-02-04,wk inc flu hosp,2023-02-04,0.7,quantile,46,14.0,0,MOBS-GLEAM_FLUH
2023-02-04,wk inc flu hosp,2023-02-11,0.7,quantile,46,11.0,1,MOBS-GLEAM_FLUH
2023-02-04,wk inc flu hosp,2023-02-18,0.7,quantile,46,10.0,2,MOBS-GLEAM_FLUH
2023-02-04,wk inc flu hosp,2023-02-25,0.7,quantile,46,9.0,3,MOBS-GLEAM_FLUH
2023-02-04,wk inc flu hosp,2023-02-04,0.75,quantile,46,15.0,0,MOBS-GLEAM_FLUH
2023-02-04,wk inc flu hosp,2023-02-11,0.75,quantile,46,12.0,1,MOBS-GLEAM_FLUH
2023-02-04,wk inc flu hosp,2023-02-18,0.75,quantile,46,11.0,2,MOBS-GLEAM_FLUH
2023-02-04,wk inc flu hosp,2023-02-25,0.75,quantile,46,10.0,3,MOBS-GLEAM_FLUH
2023-02-04,wk inc flu hosp,2023-02-04,0.8,quantile,46,16.0,0,MOBS-GLEAM_FLUH
2023-02-04,wk inc flu hosp,2023-02-11,0.8,quantile,46,13.0,1,MOBS-GLEAM_FLUH
2023-02-04,wk inc flu hosp,2023-02-18,0.8,quantile,46,12.0,2,MOBS-GLEAM_FLUH
2023-02-04,wk inc flu hosp,2023-02-25,0.8,quantile,46,11.0,3,MOBS-GLEAM_FLUH
2023-02-04,wk inc flu hosp,2023-02-04,0.85,quantile,46,18.0,0,MOBS-GLEAM_FLUH
2023-02-04,wk inc flu hosp,2023-02-11,0.85,quantile,46,15.0,1,MOBS-GLEAM_FLUH
2023-02-04,wk inc flu hosp,2023-02-18,0.85,quantile,46,13.0,2,MOBS-GLEAM_FLUH
2023-02-04,wk inc flu hosp,2023-02-25,0.85,quantile,46,12.0,3,MOBS-GLEAM_FLUH
2023-02-04,wk inc flu hosp,2023-02-04,0.9,quantile,46,20.0,0,MOBS-GLEAM_FLUH
2023-02-04,wk inc flu hosp,2023-02-11,0.9,quantile,46,16.0,1,MOBS-GLEAM_FLUH
2023-02-04,wk inc flu hosp,2023-02-18,0.9,quantile,46,15.0,2,MOBS-GLEAM_FLUH
2023-02-04,wk inc flu hosp,2023-02-25,0.9,quantile,46,14.0,3,MOBS-GLEAM_FLUH
2023-02-04,wk inc flu hosp,2023-02-04,0.95,quantile,46,23.0,0,MOBS-GLEAM_FLUH
2023-02-04,wk inc flu hosp,2023-02-11,0.95,quantile,46,19.0,1,MOBS-GLEAM_FLUH
2023-02-04,wk inc flu hosp,2023-02-18,0.95,quantile,46,17.0,2,MOBS-GLEAM_FLUH
2023-02-04,wk inc flu hosp,2023-02-25,0.95,quantile,46,16.0,3,MOBS-GLEAM_FLUH
2023-02-04,wk inc flu hosp,2023-02-04,0.975,quantile,46,26.0,0,MOBS-GLEAM_FLUH
2023-02-04,wk inc flu hosp,2023-02-11,0.975,quantile,46,21.0,1,MOBS-GLEAM_FLUH
2023-02-04,wk inc flu hosp,2023-02-18,0.975,quantile,46,19.0,2,MOBS-GLEAM_FLUH
2023-02-04,wk inc flu hosp,2023-02-25,0.975,quantile,46,18.0,3,MOBS-GLEAM_FLUH
2023-02-04,wk inc flu hosp,2023-02-04,0.99,quantile,46,30.0,0,MOBS-GLEAM_FLUH
2023-02-04,wk inc flu hosp,2023-02-11,0.99,quantile,46,25.0,1,MOBS-GLEAM_FLUH
2023-02-04,wk inc flu hosp,2023-02-18,0.99,quantile,46,22.0,2,MOBS-GLEAM_FLUH
2023-02-04,wk inc flu hosp,2023-02-25,0.99,quantile,46,21.0,3,MOBS-GLEAM_FLUH
2023-02-04,wk inc flu hosp,2023-02-04,nan,point,47,34.0,0,MOBS-GLEAM_FLUH
2023-02-04,wk inc flu hosp,2023-02-11,nan,point,47,29.0,1,MOBS-GLEAM_FLUH
2023-02-04,wk inc flu hosp,2023-02-18,nan,point,47,26.0,2,MOBS-GLEAM_FLUH
2023-02-04,wk inc flu hosp,2023-02-25,nan,point,47,25.0,3,MOBS-GLEAM_FLUH
2023-02-04,wk inc flu hosp,2023-02-04,0.01,quantile,47,8.0,0,MOBS-GLEAM_FLUH
2023-02-04,wk inc flu hosp,2023-02-11,0.01,quantile,47,6.0,1,MOBS-GLEAM_FLUH
2023-02-04,wk inc flu hosp,2023-02-18,0.01,quantile,47,6.0,2,MOBS-GLEAM_FLUH
2023-02-04,wk inc flu hosp,2023-02-25,0.01,quantile,47,5.0,3,MOBS-GLEAM_FLUH
2023-02-04,wk inc flu hosp,2023-02-04,0.025,quantile,47,10.0,0,MOBS-GLEAM_FLUH
2023-02-04,wk inc flu hosp,2023-02-11,0.025,quantile,47,9.0,1,MOBS-GLEAM_FLUH
2023-02-04,wk inc flu hosp,2023-02-18,0.025,quantile,47,8.0,2,MOBS-GLEAM_FLUH
2023-02-04,wk inc flu hosp,2023-02-25,0.025,quantile,47,7.0,3,MOBS-GLEAM_FLUH
2023-02-04,wk inc flu hosp,2023-02-04,0.05,quantile,47,13.0,0,MOBS-GLEAM_FLUH
2023-02-04,wk inc flu hosp,2023-02-11,0.05,quantile,47,11.0,1,MOBS-GLEAM_FLUH
2023-02-04,wk inc flu hosp,2023-02-18,0.05,quantile,47,10.0,2,MOBS-GLEAM_FLUH
2023-02-04,wk inc flu hosp,2023-02-25,0.05,quantile,47,9.0,3,MOBS-GLEAM_FLUH
2023-02-04,wk inc flu hosp,2023-02-04,0.1,quantile,47,17.0,0,MOBS-GLEAM_FLUH
2023-02-04,wk inc flu hosp,2023-02-11,0.1,quantile,47,14.0,1,MOBS-GLEAM_FLUH
2023-02-04,wk inc flu hosp,2023-02-18,0.1,quantile,47,13.0,2,MOBS-GLEAM_FLUH
2023-02-04,wk inc flu hosp,2023-02-25,0.1,quantile,47,12.0,3,MOBS-GLEAM_FLUH
2023-02-04,wk inc flu hosp,2023-02-04,0.15,quantile,47,19.0,0,MOBS-GLEAM_FLUH
2023-02-04,wk inc flu hosp,2023-02-11,0.15,quantile,47,16.0,1,MOBS-GLEAM_FLUH
2023-02-04,wk inc flu hosp,2023-02-18,0.15,quantile,47,15.0,2,MOBS-GLEAM_FLUH
2023-02-04,wk inc flu hosp,2023-02-25,0.15,quantile,47,14.0,3,MOBS-GLEAM_FLUH
2023-02-04,wk inc flu hosp,2023-02-04,0.2,quantile,47,22.0,0,MOBS-GLEAM_FLUH
2023-02-04,wk inc flu hosp,2023-02-11,0.2,quantile,47,18.0,1,MOBS-GLEAM_FLUH
2023-02-04,wk inc flu hosp,2023-02-18,0.2,quantile,47,17.0,2,MOBS-GLEAM_FLUH
2023-02-04,wk inc flu hosp,2023-02-25,0.2,quantile,47,16.0,3,MOBS-GLEAM_FLUH
2023-02-04,wk inc flu hosp,2023-02-04,0.25,quantile,47,24.0,0,MOBS-GLEAM_FLUH
2023-02-04,wk inc flu hosp,2023-02-11,0.25,quantile,47,20.0,1,MOBS-GLEAM_FLUH
2023-02-04,wk inc flu hosp,2023-02-18,0.25,quantile,47,18.0,2,MOBS-GLEAM_FLUH
2023-02-04,wk inc flu hosp,2023-02-25,0.25,quantile,47,17.0,3,MOBS-GLEAM_FLUH
2023-02-04,wk inc flu hosp,2023-02-04,0.3,quantile,47,26.0,0,MOBS-GLEAM_FLUH
2023-02-04,wk inc flu hosp,2023-02-11,0.3,quantile,47,22.0,1,MOBS-GLEAM_FLUH
2023-02-04,wk inc flu hosp,2023-02-18,0.3,quantile,47,20.0,2,MOBS-GLEAM_FLUH
2023-02-04,wk inc flu hosp,2023-02-25,0.3,quantile,47,19.0,3,MOBS-GLEAM_FLUH
2023-02-04,wk inc flu hosp,2023-02-04,0.35,quantile,47,28.0,0,MOBS-GLEAM_FLUH
2023-02-04,wk inc flu hosp,2023-02-11,0.35,quantile,47,24.0,1,MOBS-GLEAM_FLUH
2023-02-04,wk inc flu hosp,2023-02-18,0.35,quantile,47,22.0,2,MOBS-GLEAM_FLUH
2023-02-04,wk inc flu hosp,2023-02-25,0.35,quantile,47,20.0,3,MOBS-GLEAM_FLUH
2023-02-04,wk inc flu hosp,2023-02-04,0.4,quantile,47,30.0,0,MOBS-GLEAM_FLUH
2023-02-04,wk inc flu hosp,2023-02-11,0.4,quantile,47,26.0,1,MOBS-GLEAM_FLUH
2023-02-04,wk inc flu hosp,2023-02-18,0.4,quantile,47,23.0,2,MOBS-GLEAM_FLUH
2023-02-04,wk inc flu hosp,2023-02-25,0.4,quantile,47,22.0,3,MOBS-GLEAM_FLUH
2023-02-04,wk inc flu hosp,2023-02-04,0.45,quantile,47,32.0,0,MOBS-GLEAM_FLUH
2023-02-04,wk inc flu hosp,2023-02-11,0.45,quantile,47,27.0,1,MOBS-GLEAM_FLUH
2023-02-04,wk inc flu hosp,2023-02-18,0.45,quantile,47,25.0,2,MOBS-GLEAM_FLUH
2023-02-04,wk inc flu hosp,2023-02-25,0.45,quantile,47,23.0,3,MOBS-GLEAM_FLUH
2023-02-04,wk inc flu hosp,2023-02-04,0.5,quantile,47,34.0,0,MOBS-GLEAM_FLUH
2023-02-04,wk inc flu hosp,2023-02-11,0.5,quantile,47,29.0,1,MOBS-GLEAM_FLUH
2023-02-04,wk inc flu hosp,2023-02-18,0.5,quantile,47,26.0,2,MOBS-GLEAM_FLUH
2023-02-04,wk inc flu hosp,2023-02-25,0.5,quantile,47,25.0,3,MOBS-GLEAM_FLUH
2023-02-04,wk inc flu hosp,2023-02-04,0.55,quantile,47,36.0,0,MOBS-GLEAM_FLUH
2023-02-04,wk inc flu hosp,2023-02-11,0.55,quantile,47,31.0,1,MOBS-GLEAM_FLUH
2023-02-04,wk inc flu hosp,2023-02-18,0.55,quantile,47,28.0,2,MOBS-GLEAM_FLUH
2023-02-04,wk inc flu hosp,2023-02-25,0.55,quantile,47,26.0,3,MOBS-GLEAM_FLUH
2023-02-04,wk inc flu hosp,2023-02-04,0.6,quantile,47,38.0,0,MOBS-GLEAM_FLUH
2023-02-04,wk inc flu hosp,2023-02-11,0.6,quantile,47,33.0,1,MOBS-GLEAM_FLUH
2023-02-04,wk inc flu hosp,2023-02-18,0.6,quantile,47,30.0,2,MOBS-GLEAM_FLUH
2023-02-04,wk inc flu hosp,2023-02-25,0.6,quantile,47,28.0,3,MOBS-GLEAM_FLUH
2023-02-04,wk inc flu hosp,2023-02-04,0.65,quantile,47,41.0,0,MOBS-GLEAM_FLUH
2023-02-04,wk inc flu hosp,2023-02-11,0.65,quantile,47,35.0,1,MOBS-GLEAM_FLUH
2023-02-04,wk inc flu hosp,2023-02-18,0.65,quantile,47,32.0,2,MOBS-GLEAM_FLUH
2023-02-04,wk inc flu hosp,2023-02-25,0.65,quantile,47,30.0,3,MOBS-GLEAM_FLUH
2023-02-04,wk inc flu hosp,2023-02-04,0.7,quantile,47,44.0,0,MOBS-GLEAM_FLUH
2023-02-04,wk inc flu hosp,2023-02-11,0.7,quantile,47,37.0,1,MOBS-GLEAM_FLUH
2023-02-04,wk inc flu hosp,2023-02-18,0.7,quantile,47,34.0,2,MOBS-GLEAM_FLUH
2023-02-04,wk inc flu hosp,2023-02-25,0.7,quantile,47,32.0,3,MOBS-GLEAM_FLUH
2023-02-04,wk inc flu hosp,2023-02-04,0.75,quantile,47,47.0,0,MOBS-GLEAM_FLUH
2023-02-04,wk inc flu hosp,2023-02-11,0.75,quantile,47,40.0,1,MOBS-GLEAM_FLUH
2023-02-04,wk inc flu hosp,2023-02-18,0.75,quantile,47,36.0,2,MOBS-GLEAM_FLUH
2023-02-04,wk inc flu hosp,2023-02-25,0.75,quantile,47,34.0,3,MOBS-GLEAM_FLUH
2023-02-04,wk inc flu hosp,2023-02-04,0.8,quantile,47,50.0,0,MOBS-GLEAM_FLUH
2023-02-04,wk inc flu hosp,2023-02-11,0.8,quantile,47,43.0,1,MOBS-GLEAM_FLUH
2023-02-04,wk inc flu hosp,2023-02-18,0.8,quantile,47,39.0,2,MOBS-GLEAM_FLUH
2023-02-04,wk inc flu hosp,2023-02-25,0.8,quantile,47,37.0,3,MOBS-GLEAM_FLUH
2023-02-04,wk inc flu hosp,2023-02-04,0.85,quantile,47,54.0,0,MOBS-GLEAM_FLUH
2023-02-04,wk inc flu hosp,2023-02-11,0.85,quantile,47,47.0,1,MOBS-GLEAM_FLUH
2023-02-04,wk inc flu hosp,2023-02-18,0.85,quantile,47,42.0,2,MOBS-GLEAM_FLUH
2023-02-04,wk inc flu hosp,2023-02-25,0.85,quantile,47,40.0,3,MOBS-GLEAM_FLUH
2023-02-04,wk inc flu hosp,2023-02-04,0.9,quantile,47,60.0,0,MOBS-GLEAM_FLUH
2023-02-04,wk inc flu hosp,2023-02-11,0.9,quantile,47,52.0,1,MOBS-GLEAM_FLUH
2023-02-04,wk inc flu hosp,2023-02-18,0.9,quantile,47,47.0,2,MOBS-GLEAM_FLUH
2023-02-04,wk inc flu hosp,2023-02-25,0.9,quantile,47,44.0,3,MOBS-GLEAM_FLUH
2023-02-04,wk inc flu hosp,2023-02-04,0.95,quantile,47,69.0,0,MOBS-GLEAM_FLUH
2023-02-04,wk inc flu hosp,2023-02-11,0.95,quantile,47,59.0,1,MOBS-GLEAM_FLUH
2023-02-04,wk inc flu hosp,2023-02-18,0.95,quantile,47,54.0,2,MOBS-GLEAM_FLUH
2023-02-04,wk inc flu hosp,2023-02-25,0.95,quantile,47,51.0,3,MOBS-GLEAM_FLUH
2023-02-04,wk inc flu hosp,2023-02-04,0.975,quantile,47,77.0,0,MOBS-GLEAM_FLUH
2023-02-04,wk inc flu hosp,2023-02-11,0.975,quantile,47,67.0,1,MOBS-GLEAM_FLUH
2023-02-04,wk inc flu hosp,2023-02-18,0.975,quantile,47,61.0,2,MOBS-GLEAM_FLUH
2023-02-04,wk inc flu hosp,2023-02-25,0.975,quantile,47,57.0,3,MOBS-GLEAM_FLUH
2023-02-04,wk inc flu hosp,2023-02-04,0.99,quantile,47,88.0,0,MOBS-GLEAM_FLUH
2023-02-04,wk inc flu hosp,2023-02-11,0.99,quantile,47,76.0,1,MOBS-GLEAM_FLUH
2023-02-04,wk inc flu hosp,2023-02-18,0.99,quantile,47,69.0,2,MOBS-GLEAM_FLUH
2023-02-04,wk inc flu hosp,2023-02-25,0.99,quantile,47,65.0,3,MOBS-GLEAM_FLUH
2023-02-04,wk inc flu hosp,2023-02-04,nan,point,48,230.31611362004017,0,MOBS-GLEAM_FLUH
2023-02-04,wk inc flu hosp,2023-02-11,nan,point,48,184.74164446111743,1,MOBS-GLEAM_FLUH
2023-02-04,wk inc flu hosp,2023-02-18,nan,point,48,152.26015501430714,2,MOBS-GLEAM_FLUH
2023-02-04,wk inc flu hosp,2023-02-25,nan,point,48,129.23624380297983,3,MOBS-GLEAM_FLUH
2023-02-04,wk inc flu hosp,2023-02-04,0.01,quantile,48,125.54416725061576,0,MOBS-GLEAM_FLUH
2023-02-04,wk inc flu hosp,2023-02-11,0.01,quantile,48,111.07807453909707,1,MOBS-GLEAM_FLUH
2023-02-04,wk inc flu hosp,2023-02-18,0.01,quantile,48,102.24223044167364,2,MOBS-GLEAM_FLUH
2023-02-04,wk inc flu hosp,2023-02-25,0.01,quantile,48,96.393980713559,3,MOBS-GLEAM_FLUH
2023-02-04,wk inc flu hosp,2023-02-04,0.025,quantile,48,132.4922866101603,0,MOBS-GLEAM_FLUH
2023-02-04,wk inc flu hosp,2023-02-11,0.025,quantile,48,115.6559133822377,1,MOBS-GLEAM_FLUH
2023-02-04,wk inc flu hosp,2023-02-18,0.025,quantile,48,104.9268457044346,2,MOBS-GLEAM_FLUH
2023-02-04,wk inc flu hosp,2023-02-25,0.025,quantile,48,98.064095459961,3,MOBS-GLEAM_FLUH
2023-02-04,wk inc flu hosp,2023-02-04,0.05,quantile,48,140.32326711839045,0,MOBS-GLEAM_FLUH
2023-02-04,wk inc flu hosp,2023-02-11,0.05,quantile,48,120.59646063918804,1,MOBS-GLEAM_FLUH
2023-02-04,wk inc flu hosp,2023-02-18,0.05,quantile,48,108.0458898561968,2,MOBS-GLEAM_FLUH
2023-02-04,wk inc flu hosp,2023-02-25,0.05,quantile,48,99.96053475831418,3,MOBS-GLEAM_FLUH
2023-02-04,wk inc flu hosp,2023-02-04,0.1,quantile,48,151.98992164887903,0,MOBS-GLEAM_FLUH
2023-02-04,wk inc flu hosp,2023-02-11,0.1,quantile,48,128.7866788497752,1,MOBS-GLEAM_FLUH
2023-02-04,wk inc flu hosp,2023-02-18,0.1,quantile,48,113.31415359217584,2,MOBS-GLEAM_FLUH
2023-02-04,wk inc flu hosp,2023-02-25,0.1,quantile,48,103.28494508182511,3,MOBS-GLEAM_FLUH
2023-02-04,wk inc flu hosp,2023-02-04,0.15,quantile,48,162.12172037473275,0,MOBS-GLEAM_FLUH
2023-02-04,wk inc flu hosp,2023-02-11,0.15,quantile,48,135.64456104575922,1,MOBS-GLEAM_FLUH
2023-02-04,wk inc flu hosp,2023-02-18,0.15,quantile,48,118.10142838557502,2,MOBS-GLEAM_FLUH
2023-02-04,wk inc flu hosp,2023-02-25,0.15,quantile,48,106.31685570727151,3,MOBS-GLEAM_FLUH
2023-02-04,wk inc flu hosp,2023-02-04,0.2,quantile,48,171.3769797069942,0,MOBS-GLEAM_FLUH
2023-02-04,wk inc flu hosp,2023-02-11,0.2,quantile,48,142.36481458936396,1,MOBS-GLEAM_FLUH
2023-02-04,wk inc flu hosp,2023-02-18,0.2,quantile,48,122.72593831429286,2,MOBS-GLEAM_FLUH
2023-02-04,wk inc flu hosp,2023-02-25,0.2,quantile,48,109.47433607141464,3,MOBS-GLEAM_FLUH
2023-02-04,wk inc flu hosp,2023-02-04,0.25,quantile,48,180.4700102295436,0,MOBS-GLEAM_FLUH
2023-02-04,wk inc flu hosp,2023-02-11,0.25,quantile,48,148.81551237739225,1,MOBS-GLEAM_FLUH
2023-02-04,wk inc flu hosp,2023-02-18,0.25,quantile,48,127.39707796751912,2,MOBS-GLEAM_FLUH
2023-02-04,wk inc flu hosp,2023-02-25,0.25,quantile,48,112.51131747018648,3,MOBS-GLEAM_FLUH
2023-02-04,wk inc flu hosp,2023-02-04,0.3,quantile,48,189.60005998823496,0,MOBS-GLEAM_FLUH
2023-02-04,wk inc flu hosp,2023-02-11,0.3,quantile,48,155.3409082333362,1,MOBS-GLEAM_FLUH
2023-02-04,wk inc flu hosp,2023-02-18,0.3,quantile,48,131.98415631407585,2,MOBS-GLEAM_FLUH
2023-02-04,wk inc flu hosp,2023-02-25,0.3,quantile,48,115.55427426837736,3,MOBS-GLEAM_FLUH
2023-02-04,wk inc flu hosp,2023-02-04,0.35,quantile,48,198.9618251284124,0,MOBS-GLEAM_FLUH
2023-02-04,wk inc flu hosp,2023-02-11,0.35,quantile,48,162.4440334027575,1,MOBS-GLEAM_FLUH
2023-02-04,wk inc flu hosp,2023-02-18,0.35,quantile,48,136.74764734076572,2,MOBS-GLEAM_FLUH
2023-02-04,wk inc flu hosp,2023-02-25,0.35,quantile,48,118.63566776663188,3,MOBS-GLEAM_FLUH
2023-02-04,wk inc flu hosp,2023-02-04,0.4,quantile,48,208.47320325417607,0,MOBS-GLEAM_FLUH
2023-02-04,wk inc flu hosp,2023-02-11,0.4,quantile,48,169.4125592209426,1,MOBS-GLEAM_FLUH
2023-02-04,wk inc flu hosp,2023-02-18,0.4,quantile,48,141.6550008759926,2,MOBS-GLEAM_FLUH
2023-02-04,wk inc flu hosp,2023-02-25,0.4,quantile,48,121.82547844720148,3,MOBS-GLEAM_FLUH
2023-02-04,wk inc flu hosp,2023-02-04,0.45,quantile,48,218.77006542903257,0,MOBS-GLEAM_FLUH
2023-02-04,wk inc flu hosp,2023-02-11,0.45,quantile,48,176.76831589321034,1,MOBS-GLEAM_FLUH
2023-02-04,wk inc flu hosp,2023-02-18,0.45,quantile,48,146.7775052575476,2,MOBS-GLEAM_FLUH
2023-02-04,wk inc flu hosp,2023-02-25,0.45,quantile,48,125.23944989246095,3,MOBS-GLEAM_FLUH
2023-02-04,wk inc flu hosp,2023-02-04,0.5,quantile,48,230.31611362004017,0,MOBS-GLEAM_FLUH
2023-02-04,wk inc flu hosp,2023-02-11,0.5,quantile,48,184.74164446111743,1,MOBS-GLEAM_FLUH
2023-02-04,wk inc flu hosp,2023-02-18,0.5,quantile,48,152.26015501430714,2,MOBS-GLEAM_FLUH
2023-02-04,wk inc flu hosp,2023-02-25,0.5,quantile,48,129.23624380297983,3,MOBS-GLEAM_FLUH
2023-02-04,wk inc flu hosp,2023-02-04,0.55,quantile,48,242.87647028743788,0,MOBS-GLEAM_FLUH
2023-02-04,wk inc flu hosp,2023-02-11,0.55,quantile,48,193.30889565446896,1,MOBS-GLEAM_FLUH
2023-02-04,wk inc flu hosp,2023-02-18,0.55,quantile,48,158.60496282270572,2,MOBS-GLEAM_FLUH
2023-02-04,wk inc flu hosp,2023-02-25,0.55,quantile,48,133.89345273212544,3,MOBS-GLEAM_FLUH
2023-02-04,wk inc flu hosp,2023-02-04,0.6,quantile,48,256.61282236982413,0,MOBS-GLEAM_FLUH
2023-02-04,wk inc flu hosp,2023-02-11,0.6,quantile,48,202.9551485065812,1,MOBS-GLEAM_FLUH
2023-02-04,wk inc flu hosp,2023-02-18,0.6,quantile,48,165.91374539259036,2,MOBS-GLEAM_FLUH
2023-02-04,wk inc flu hosp,2023-02-25,0.6,quantile,48,138.78745216583707,3,MOBS-GLEAM_FLUH
2023-02-04,wk inc flu hosp,2023-02-04,0.65,quantile,48,270.6812484042444,0,MOBS-GLEAM_FLUH
2023-02-04,wk inc flu hosp,2023-02-11,0.65,quantile,48,213.7785109222864,1,MOBS-GLEAM_FLUH
2023-02-04,wk inc flu hosp,2023-02-18,0.65,quantile,48,174.03948576658536,2,MOBS-GLEAM_FLUH
2023-02-04,wk inc flu hosp,2023-02-25,0.65,quantile,48,144.42383514327864,3,MOBS-GLEAM_FLUH
2023-02-04,wk inc flu hosp,2023-02-04,0.7,quantile,48,286.6244484076143,0,MOBS-GLEAM_FLUH
2023-02-04,wk inc flu hosp,2023-02-11,0.7,quantile,48,226.3768704109785,1,MOBS-GLEAM_FLUH
2023-02-04,wk inc flu hosp,2023-02-18,0.7,quantile,48,183.26292564226557,2,MOBS-GLEAM_FLUH
2023-02-04,wk inc flu hosp,2023-02-25,0.7,quantile,48,151.35603183416185,3,MOBS-GLEAM_FLUH
2023-02-04,wk inc flu hosp,2023-02-04,0.75,quantile,48,305.01432995559566,0,MOBS-GLEAM_FLUH
2023-02-04,wk inc flu hosp,2023-02-11,0.75,quantile,48,240.96424201489825,1,MOBS-GLEAM_FLUH
2023-02-04,wk inc flu hosp,2023-02-18,0.75,quantile,48,194.90767391259067,2,MOBS-GLEAM_FLUH
2023-02-04,wk inc flu hosp,2023-02-25,0.75,quantile,48,160.03547622738645,3,MOBS-GLEAM_FLUH
2023-02-04,wk inc flu hosp,2023-02-04,0.8,quantile,48,326.12978686309395,0,MOBS-GLEAM_FLUH
2023-02-04,wk inc flu hosp,2023-02-11,0.8,quantile,48,258.27943966557353,1,MOBS-GLEAM_FLUH
2023-02-04,wk inc flu hosp,2023-02-18,0.8,quantile,48,209.0126993262047,2,MOBS-GLEAM_FLUH
2023-02-04,wk inc flu hosp,2023-02-25,0.8,quantile,48,170.53059522433813,3,MOBS-GLEAM_FLUH
2023-02-04,wk inc flu hosp,2023-02-04,0.85,quantile,48,351.8699499446837,0,MOBS-GLEAM_FLUH
2023-02-04,wk inc flu hosp,2023-02-11,0.85,quantile,48,281.08184591994865,1,MOBS-GLEAM_FLUH
2023-02-04,wk inc flu hosp,2023-02-18,0.85,quantile,48,227.90484445492336,2,MOBS-GLEAM_FLUH
2023-02-04,wk inc flu hosp,2023-02-25,0.85,quantile,48,184.1893036308352,3,MOBS-GLEAM_FLUH
2023-02-04,wk inc flu hosp,2023-02-04,0.9,quantile,48,387.2531719971916,0,MOBS-GLEAM_FLUH
2023-02-04,wk inc flu hosp,2023-02-11,0.9,quantile,48,312.34881327150487,1,MOBS-GLEAM_FLUH
2023-02-04,wk inc flu hosp,2023-02-18,0.9,quantile,48,252.10139581397743,2,MOBS-GLEAM_FLUH
2023-02-04,wk inc flu hosp,2023-02-25,0.9,quantile,48,203.8110676640169,3,MOBS-GLEAM_FLUH
2023-02-04,wk inc flu hosp,2023-02-04,0.95,quantile,48,439.20421830884874,0,MOBS-GLEAM_FLUH
2023-02-04,wk inc flu hosp,2023-02-11,0.95,quantile,48,354.53673439991667,1,MOBS-GLEAM_FLUH
2023-02-04,wk inc flu hosp,2023-02-18,0.95,quantile,48,290.20858589688385,2,MOBS-GLEAM_FLUH
2023-02-04,wk inc flu hosp,2023-02-25,0.95,quantile,48,231.90848271956463,3,MOBS-GLEAM_FLUH
2023-02-04,wk inc flu hosp,2023-02-04,0.975,quantile,48,484.19052929860766,0,MOBS-GLEAM_FLUH
2023-02-04,wk inc flu hosp,2023-02-11,0.975,quantile,48,394.0363935357392,1,MOBS-GLEAM_FLUH
2023-02-04,wk inc flu hosp,2023-02-18,0.975,quantile,48,319.92510428093567,2,MOBS-GLEAM_FLUH
2023-02-04,wk inc flu hosp,2023-02-25,0.975,quantile,48,253.9400084975059,3,MOBS-GLEAM_FLUH
2023-02-04,wk inc flu hosp,2023-02-04,0.99,quantile,48,530.8631437617363,0,MOBS-GLEAM_FLUH
2023-02-04,wk inc flu hosp,2023-02-11,0.99,quantile,48,433.5869439178297,1,MOBS-GLEAM_FLUH
2023-02-04,wk inc flu hosp,2023-02-18,0.99,quantile,48,355.01210560758176,2,MOBS-GLEAM_FLUH
2023-02-04,wk inc flu hosp,2023-02-25,0.99,quantile,48,285.4747826490116,3,MOBS-GLEAM_FLUH
2023-02-04,wk inc flu hosp,2023-02-04,nan,point,49,6.0,0,MOBS-GLEAM_FLUH
2023-02-04,wk inc flu hosp,2023-02-11,nan,point,49,5.0,1,MOBS-GLEAM_FLUH
2023-02-04,wk inc flu hosp,2023-02-18,nan,point,49,4.0,2,MOBS-GLEAM_FLUH
2023-02-04,wk inc flu hosp,2023-02-25,nan,point,49,3.0,3,MOBS-GLEAM_FLUH
2023-02-04,wk inc flu hosp,2023-02-04,0.01,quantile,49,0.0,0,MOBS-GLEAM_FLUH
2023-02-04,wk inc flu hosp,2023-02-11,0.01,quantile,49,0.0,1,MOBS-GLEAM_FLUH
2023-02-04,wk inc flu hosp,2023-02-18,0.01,quantile,49,0.0,2,MOBS-GLEAM_FLUH
2023-02-04,wk inc flu hosp,2023-02-25,0.01,quantile,49,0.0,3,MOBS-GLEAM_FLUH
2023-02-04,wk inc flu hosp,2023-02-04,0.025,quantile,49,1.0,0,MOBS-GLEAM_FLUH
2023-02-04,wk inc flu hosp,2023-02-11,0.025,quantile,49,1.0,1,MOBS-GLEAM_FLUH
2023-02-04,wk inc flu hosp,2023-02-18,0.025,quantile,49,0.0,2,MOBS-GLEAM_FLUH
2023-02-04,wk inc flu hosp,2023-02-25,0.025,quantile,49,0.0,3,MOBS-GLEAM_FLUH
2023-02-04,wk inc flu hosp,2023-02-04,0.05,quantile,49,1.0,0,MOBS-GLEAM_FLUH
2023-02-04,wk inc flu hosp,2023-02-11,0.05,quantile,49,1.0,1,MOBS-GLEAM_FLUH
2023-02-04,wk inc flu hosp,2023-02-18,0.05,quantile,49,1.0,2,MOBS-GLEAM_FLUH
2023-02-04,wk inc flu hosp,2023-02-25,0.05,quantile,49,0.0,3,MOBS-GLEAM_FLUH
2023-02-04,wk inc flu hosp,2023-02-04,0.1,quantile,49,2.0,0,MOBS-GLEAM_FLUH
2023-02-04,wk inc flu hosp,2023-02-11,0.1,quantile,49,2.0,1,MOBS-GLEAM_FLUH
2023-02-04,wk inc flu hosp,2023-02-18,0.1,quantile,49,1.0,2,MOBS-GLEAM_FLUH
2023-02-04,wk inc flu hosp,2023-02-25,0.1,quantile,49,1.0,3,MOBS-GLEAM_FLUH
2023-02-04,wk inc flu hosp,2023-02-04,0.15,quantile,49,3.0,0,MOBS-GLEAM_FLUH
2023-02-04,wk inc flu hosp,2023-02-11,0.15,quantile,49,2.0,1,MOBS-GLEAM_FLUH
2023-02-04,wk inc flu hosp,2023-02-18,0.15,quantile,49,2.0,2,MOBS-GLEAM_FLUH
2023-02-04,wk inc flu hosp,2023-02-25,0.15,quantile,49,1.0,3,MOBS-GLEAM_FLUH
2023-02-04,wk inc flu hosp,2023-02-04,0.2,quantile,49,3.0,0,MOBS-GLEAM_FLUH
2023-02-04,wk inc flu hosp,2023-02-11,0.2,quantile,49,3.0,1,MOBS-GLEAM_FLUH
2023-02-04,wk inc flu hosp,2023-02-18,0.2,quantile,49,2.0,2,MOBS-GLEAM_FLUH
2023-02-04,wk inc flu hosp,2023-02-25,0.2,quantile,49,2.0,3,MOBS-GLEAM_FLUH
2023-02-04,wk inc flu hosp,2023-02-04,0.25,quantile,49,4.0,0,MOBS-GLEAM_FLUH
2023-02-04,wk inc flu hosp,2023-02-11,0.25,quantile,49,3.0,1,MOBS-GLEAM_FLUH
2023-02-04,wk inc flu hosp,2023-02-18,0.25,quantile,49,2.0,2,MOBS-GLEAM_FLUH
2023-02-04,wk inc flu hosp,2023-02-25,0.25,quantile,49,2.0,3,MOBS-GLEAM_FLUH
2023-02-04,wk inc flu hosp,2023-02-04,0.3,quantile,49,4.0,0,MOBS-GLEAM_FLUH
2023-02-04,wk inc flu hosp,2023-02-11,0.3,quantile,49,3.0,1,MOBS-GLEAM_FLUH
2023-02-04,wk inc flu hosp,2023-02-18,0.3,quantile,49,3.0,2,MOBS-GLEAM_FLUH
2023-02-04,wk inc flu hosp,2023-02-25,0.3,quantile,49,2.0,3,MOBS-GLEAM_FLUH
2023-02-04,wk inc flu hosp,2023-02-04,0.35,quantile,49,5.0,0,MOBS-GLEAM_FLUH
2023-02-04,wk inc flu hosp,2023-02-11,0.35,quantile,49,4.0,1,MOBS-GLEAM_FLUH
2023-02-04,wk inc flu hosp,2023-02-18,0.35,quantile,49,3.0,2,MOBS-GLEAM_FLUH
2023-02-04,wk inc flu hosp,2023-02-25,0.35,quantile,49,2.0,3,MOBS-GLEAM_FLUH
2023-02-04,wk inc flu hosp,2023-02-04,0.4,quantile,49,5.0,0,MOBS-GLEAM_FLUH
2023-02-04,wk inc flu hosp,2023-02-11,0.4,quantile,49,4.0,1,MOBS-GLEAM_FLUH
2023-02-04,wk inc flu hosp,2023-02-18,0.4,quantile,49,3.0,2,MOBS-GLEAM_FLUH
2023-02-04,wk inc flu hosp,2023-02-25,0.4,quantile,49,3.0,3,MOBS-GLEAM_FLUH
2023-02-04,wk inc flu hosp,2023-02-04,0.45,quantile,49,6.0,0,MOBS-GLEAM_FLUH
2023-02-04,wk inc flu hosp,2023-02-11,0.45,quantile,49,5.0,1,MOBS-GLEAM_FLUH
2023-02-04,wk inc flu hosp,2023-02-18,0.45,quantile,49,4.0,2,MOBS-GLEAM_FLUH
2023-02-04,wk inc flu hosp,2023-02-25,0.45,quantile,49,3.0,3,MOBS-GLEAM_FLUH
2023-02-04,wk inc flu hosp,2023-02-04,0.5,quantile,49,6.0,0,MOBS-GLEAM_FLUH
2023-02-04,wk inc flu hosp,2023-02-11,0.5,quantile,49,5.0,1,MOBS-GLEAM_FLUH
2023-02-04,wk inc flu hosp,2023-02-18,0.5,quantile,49,4.0,2,MOBS-GLEAM_FLUH
2023-02-04,wk inc flu hosp,2023-02-25,0.5,quantile,49,3.0,3,MOBS-GLEAM_FLUH
2023-02-04,wk inc flu hosp,2023-02-04,0.55,quantile,49,6.0,0,MOBS-GLEAM_FLUH
2023-02-04,wk inc flu hosp,2023-02-11,0.55,quantile,49,5.0,1,MOBS-GLEAM_FLUH
2023-02-04,wk inc flu hosp,2023-02-18,0.55,quantile,49,4.0,2,MOBS-GLEAM_FLUH
2023-02-04,wk inc flu hosp,2023-02-25,0.55,quantile,49,4.0,3,MOBS-GLEAM_FLUH
2023-02-04,wk inc flu hosp,2023-02-04,0.6,quantile,49,7.0,0,MOBS-GLEAM_FLUH
2023-02-04,wk inc flu hosp,2023-02-11,0.6,quantile,49,6.0,1,MOBS-GLEAM_FLUH
2023-02-04,wk inc flu hosp,2023-02-18,0.6,quantile,49,5.0,2,MOBS-GLEAM_FLUH
2023-02-04,wk inc flu hosp,2023-02-25,0.6,quantile,49,4.0,3,MOBS-GLEAM_FLUH
2023-02-04,wk inc flu hosp,2023-02-04,0.65,quantile,49,7.0,0,MOBS-GLEAM_FLUH
2023-02-04,wk inc flu hosp,2023-02-11,0.65,quantile,49,6.0,1,MOBS-GLEAM_FLUH
2023-02-04,wk inc flu hosp,2023-02-18,0.65,quantile,49,5.0,2,MOBS-GLEAM_FLUH
2023-02-04,wk inc flu hosp,2023-02-25,0.65,quantile,49,4.0,3,MOBS-GLEAM_FLUH
2023-02-04,wk inc flu hosp,2023-02-04,0.7,quantile,49,8.0,0,MOBS-GLEAM_FLUH
2023-02-04,wk inc flu hosp,2023-02-11,0.7,quantile,49,7.0,1,MOBS-GLEAM_FLUH
2023-02-04,wk inc flu hosp,2023-02-18,0.7,quantile,49,6.0,2,MOBS-GLEAM_FLUH
2023-02-04,wk inc flu hosp,2023-02-25,0.7,quantile,49,5.0,3,MOBS-GLEAM_FLUH
2023-02-04,wk inc flu hosp,2023-02-04,0.75,quantile,49,9.0,0,MOBS-GLEAM_FLUH
2023-02-04,wk inc flu hosp,2023-02-11,0.75,quantile,49,7.0,1,MOBS-GLEAM_FLUH
2023-02-04,wk inc flu hosp,2023-02-18,0.75,quantile,49,6.0,2,MOBS-GLEAM_FLUH
2023-02-04,wk inc flu hosp,2023-02-25,0.75,quantile,49,5.0,3,MOBS-GLEAM_FLUH
2023-02-04,wk inc flu hosp,2023-02-04,0.8,quantile,49,10.0,0,MOBS-GLEAM_FLUH
2023-02-04,wk inc flu hosp,2023-02-11,0.8,quantile,49,8.0,1,MOBS-GLEAM_FLUH
2023-02-04,wk inc flu hosp,2023-02-18,0.8,quantile,49,7.0,2,MOBS-GLEAM_FLUH
2023-02-04,wk inc flu hosp,2023-02-25,0.8,quantile,49,6.0,3,MOBS-GLEAM_FLUH
2023-02-04,wk inc flu hosp,2023-02-04,0.85,quantile,49,11.0,0,MOBS-GLEAM_FLUH
2023-02-04,wk inc flu hosp,2023-02-11,0.85,quantile,49,9.0,1,MOBS-GLEAM_FLUH
2023-02-04,wk inc flu hosp,2023-02-18,0.85,quantile,49,7.0,2,MOBS-GLEAM_FLUH
2023-02-04,wk inc flu hosp,2023-02-25,0.85,quantile,49,6.0,3,MOBS-GLEAM_FLUH
2023-02-04,wk inc flu hosp,2023-02-04,0.9,quantile,49,12.0,0,MOBS-GLEAM_FLUH
2023-02-04,wk inc flu hosp,2023-02-11,0.9,quantile,49,10.0,1,MOBS-GLEAM_FLUH
2023-02-04,wk inc flu hosp,2023-02-18,0.9,quantile,49,8.0,2,MOBS-GLEAM_FLUH
2023-02-04,wk inc flu hosp,2023-02-25,0.9,quantile,49,7.0,3,MOBS-GLEAM_FLUH
2023-02-04,wk inc flu hosp,2023-02-04,0.95,quantile,49,14.0,0,MOBS-GLEAM_FLUH
2023-02-04,wk inc flu hosp,2023-02-11,0.95,quantile,49,12.0,1,MOBS-GLEAM_FLUH
2023-02-04,wk inc flu hosp,2023-02-18,0.95,quantile,49,10.0,2,MOBS-GLEAM_FLUH
2023-02-04,wk inc flu hosp,2023-02-25,0.95,quantile,49,9.0,3,MOBS-GLEAM_FLUH
2023-02-04,wk inc flu hosp,2023-02-04,0.975,quantile,49,16.0,0,MOBS-GLEAM_FLUH
2023-02-04,wk inc flu hosp,2023-02-11,0.975,quantile,49,13.0,1,MOBS-GLEAM_FLUH
2023-02-04,wk inc flu hosp,2023-02-18,0.975,quantile,49,11.0,2,MOBS-GLEAM_FLUH
2023-02-04,wk inc flu hosp,2023-02-25,0.975,quantile,49,10.0,3,MOBS-GLEAM_FLUH
2023-02-04,wk inc flu hosp,2023-02-04,0.99,quantile,49,18.0,0,MOBS-GLEAM_FLUH
2023-02-04,wk inc flu hosp,2023-02-11,0.99,quantile,49,16.0,1,MOBS-GLEAM_FLUH
2023-02-04,wk inc flu hosp,2023-02-18,0.99,quantile,49,13.0,2,MOBS-GLEAM_FLUH
2023-02-04,wk inc flu hosp,2023-02-25,0.99,quantile,49,11.0,3,MOBS-GLEAM_FLUH
2023-02-04,wk inc flu hosp,2023-02-04,nan,point,50,4.0,0,MOBS-GLEAM_FLUH
2023-02-04,wk inc flu hosp,2023-02-11,nan,point,50,2.0,1,MOBS-GLEAM_FLUH
2023-02-04,wk inc flu hosp,2023-02-18,nan,point,50,1.0,2,MOBS-GLEAM_FLUH
2023-02-04,wk inc flu hosp,2023-02-25,nan,point,50,0.0,3,MOBS-GLEAM_FLUH
2023-02-04,wk inc flu hosp,2023-02-04,0.01,quantile,50,0.0,0,MOBS-GLEAM_FLUH
2023-02-04,wk inc flu hosp,2023-02-11,0.01,quantile,50,0.0,1,MOBS-GLEAM_FLUH
2023-02-04,wk inc flu hosp,2023-02-18,0.01,quantile,50,0.0,2,MOBS-GLEAM_FLUH
2023-02-04,wk inc flu hosp,2023-02-25,0.01,quantile,50,0.0,3,MOBS-GLEAM_FLUH
2023-02-04,wk inc flu hosp,2023-02-04,0.025,quantile,50,0.0,0,MOBS-GLEAM_FLUH
2023-02-04,wk inc flu hosp,2023-02-11,0.025,quantile,50,0.0,1,MOBS-GLEAM_FLUH
2023-02-04,wk inc flu hosp,2023-02-18,0.025,quantile,50,0.0,2,MOBS-GLEAM_FLUH
2023-02-04,wk inc flu hosp,2023-02-25,0.025,quantile,50,0.0,3,MOBS-GLEAM_FLUH
2023-02-04,wk inc flu hosp,2023-02-04,0.05,quantile,50,1.0,0,MOBS-GLEAM_FLUH
2023-02-04,wk inc flu hosp,2023-02-11,0.05,quantile,50,0.0,1,MOBS-GLEAM_FLUH
2023-02-04,wk inc flu hosp,2023-02-18,0.05,quantile,50,0.0,2,MOBS-GLEAM_FLUH
2023-02-04,wk inc flu hosp,2023-02-25,0.05,quantile,50,0.0,3,MOBS-GLEAM_FLUH
2023-02-04,wk inc flu hosp,2023-02-04,0.1,quantile,50,1.0,0,MOBS-GLEAM_FLUH
2023-02-04,wk inc flu hosp,2023-02-11,0.1,quantile,50,0.0,1,MOBS-GLEAM_FLUH
2023-02-04,wk inc flu hosp,2023-02-18,0.1,quantile,50,0.0,2,MOBS-GLEAM_FLUH
2023-02-04,wk inc flu hosp,2023-02-25,0.1,quantile,50,0.0,3,MOBS-GLEAM_FLUH
2023-02-04,wk inc flu hosp,2023-02-04,0.15,quantile,50,2.0,0,MOBS-GLEAM_FLUH
2023-02-04,wk inc flu hosp,2023-02-11,0.15,quantile,50,1.0,1,MOBS-GLEAM_FLUH
2023-02-04,wk inc flu hosp,2023-02-18,0.15,quantile,50,0.0,2,MOBS-GLEAM_FLUH
2023-02-04,wk inc flu hosp,2023-02-25,0.15,quantile,50,0.0,3,MOBS-GLEAM_FLUH
2023-02-04,wk inc flu hosp,2023-02-04,0.2,quantile,50,2.0,0,MOBS-GLEAM_FLUH
2023-02-04,wk inc flu hosp,2023-02-11,0.2,quantile,50,1.0,1,MOBS-GLEAM_FLUH
2023-02-04,wk inc flu hosp,2023-02-18,0.2,quantile,50,0.0,2,MOBS-GLEAM_FLUH
2023-02-04,wk inc flu hosp,2023-02-25,0.2,quantile,50,0.0,3,MOBS-GLEAM_FLUH
2023-02-04,wk inc flu hosp,2023-02-04,0.25,quantile,50,3.0,0,MOBS-GLEAM_FLUH
2023-02-04,wk inc flu hosp,2023-02-11,0.25,quantile,50,1.0,1,MOBS-GLEAM_FLUH
2023-02-04,wk inc flu hosp,2023-02-18,0.25,quantile,50,0.0,2,MOBS-GLEAM_FLUH
2023-02-04,wk inc flu hosp,2023-02-25,0.25,quantile,50,0.0,3,MOBS-GLEAM_FLUH
2023-02-04,wk inc flu hosp,2023-02-04,0.3,quantile,50,3.0,0,MOBS-GLEAM_FLUH
2023-02-04,wk inc flu hosp,2023-02-11,0.3,quantile,50,1.0,1,MOBS-GLEAM_FLUH
2023-02-04,wk inc flu hosp,2023-02-18,0.3,quantile,50,0.0,2,MOBS-GLEAM_FLUH
2023-02-04,wk inc flu hosp,2023-02-25,0.3,quantile,50,0.0,3,MOBS-GLEAM_FLUH
2023-02-04,wk inc flu hosp,2023-02-04,0.35,quantile,50,3.0,0,MOBS-GLEAM_FLUH
2023-02-04,wk inc flu hosp,2023-02-11,0.35,quantile,50,1.0,1,MOBS-GLEAM_FLUH
2023-02-04,wk inc flu hosp,2023-02-18,0.35,quantile,50,0.0,2,MOBS-GLEAM_FLUH
2023-02-04,wk inc flu hosp,2023-02-25,0.35,quantile,50,0.0,3,MOBS-GLEAM_FLUH
2023-02-04,wk inc flu hosp,2023-02-04,0.4,quantile,50,4.0,0,MOBS-GLEAM_FLUH
2023-02-04,wk inc flu hosp,2023-02-11,0.4,quantile,50,2.0,1,MOBS-GLEAM_FLUH
2023-02-04,wk inc flu hosp,2023-02-18,0.4,quantile,50,1.0,2,MOBS-GLEAM_FLUH
2023-02-04,wk inc flu hosp,2023-02-25,0.4,quantile,50,0.0,3,MOBS-GLEAM_FLUH
2023-02-04,wk inc flu hosp,2023-02-04,0.45,quantile,50,4.0,0,MOBS-GLEAM_FLUH
2023-02-04,wk inc flu hosp,2023-02-11,0.45,quantile,50,2.0,1,MOBS-GLEAM_FLUH
2023-02-04,wk inc flu hosp,2023-02-18,0.45,quantile,50,1.0,2,MOBS-GLEAM_FLUH
2023-02-04,wk inc flu hosp,2023-02-25,0.45,quantile,50,0.0,3,MOBS-GLEAM_FLUH
2023-02-04,wk inc flu hosp,2023-02-04,0.5,quantile,50,4.0,0,MOBS-GLEAM_FLUH
2023-02-04,wk inc flu hosp,2023-02-11,0.5,quantile,50,2.0,1,MOBS-GLEAM_FLUH
2023-02-04,wk inc flu hosp,2023-02-18,0.5,quantile,50,1.0,2,MOBS-GLEAM_FLUH
2023-02-04,wk inc flu hosp,2023-02-25,0.5,quantile,50,0.0,3,MOBS-GLEAM_FLUH
2023-02-04,wk inc flu hosp,2023-02-04,0.55,quantile,50,5.0,0,MOBS-GLEAM_FLUH
2023-02-04,wk inc flu hosp,2023-02-11,0.55,quantile,50,2.0,1,MOBS-GLEAM_FLUH
2023-02-04,wk inc flu hosp,2023-02-18,0.55,quantile,50,1.0,2,MOBS-GLEAM_FLUH
2023-02-04,wk inc flu hosp,2023-02-25,0.55,quantile,50,0.0,3,MOBS-GLEAM_FLUH
2023-02-04,wk inc flu hosp,2023-02-04,0.6,quantile,50,5.0,0,MOBS-GLEAM_FLUH
2023-02-04,wk inc flu hosp,2023-02-11,0.6,quantile,50,3.0,1,MOBS-GLEAM_FLUH
2023-02-04,wk inc flu hosp,2023-02-18,0.6,quantile,50,1.0,2,MOBS-GLEAM_FLUH
2023-02-04,wk inc flu hosp,2023-02-25,0.6,quantile,50,0.0,3,MOBS-GLEAM_FLUH
2023-02-04,wk inc flu hosp,2023-02-04,0.65,quantile,50,6.0,0,MOBS-GLEAM_FLUH
2023-02-04,wk inc flu hosp,2023-02-11,0.65,quantile,50,3.0,1,MOBS-GLEAM_FLUH
2023-02-04,wk inc flu hosp,2023-02-18,0.65,quantile,50,1.0,2,MOBS-GLEAM_FLUH
2023-02-04,wk inc flu hosp,2023-02-25,0.65,quantile,50,1.0,3,MOBS-GLEAM_FLUH
2023-02-04,wk inc flu hosp,2023-02-04,0.7,quantile,50,6.0,0,MOBS-GLEAM_FLUH
2023-02-04,wk inc flu hosp,2023-02-11,0.7,quantile,50,3.0,1,MOBS-GLEAM_FLUH
2023-02-04,wk inc flu hosp,2023-02-18,0.7,quantile,50,2.0,2,MOBS-GLEAM_FLUH
2023-02-04,wk inc flu hosp,2023-02-25,0.7,quantile,50,1.0,3,MOBS-GLEAM_FLUH
2023-02-04,wk inc flu hosp,2023-02-04,0.75,quantile,50,7.0,0,MOBS-GLEAM_FLUH
2023-02-04,wk inc flu hosp,2023-02-11,0.75,quantile,50,3.0,1,MOBS-GLEAM_FLUH
2023-02-04,wk inc flu hosp,2023-02-18,0.75,quantile,50,2.0,2,MOBS-GLEAM_FLUH
2023-02-04,wk inc flu hosp,2023-02-25,0.75,quantile,50,1.0,3,MOBS-GLEAM_FLUH
2023-02-04,wk inc flu hosp,2023-02-04,0.8,quantile,50,7.0,0,MOBS-GLEAM_FLUH
2023-02-04,wk inc flu hosp,2023-02-11,0.8,quantile,50,4.0,1,MOBS-GLEAM_FLUH
2023-02-04,wk inc flu hosp,2023-02-18,0.8,quantile,50,2.0,2,MOBS-GLEAM_FLUH
2023-02-04,wk inc flu hosp,2023-02-25,0.8,quantile,50,1.0,3,MOBS-GLEAM_FLUH
2023-02-04,wk inc flu hosp,2023-02-04,0.85,quantile,50,8.0,0,MOBS-GLEAM_FLUH
2023-02-04,wk inc flu hosp,2023-02-11,0.85,quantile,50,4.0,1,MOBS-GLEAM_FLUH
2023-02-04,wk inc flu hosp,2023-02-18,0.85,quantile,50,2.0,2,MOBS-GLEAM_FLUH
2023-02-04,wk inc flu hosp,2023-02-25,0.85,quantile,50,1.0,3,MOBS-GLEAM_FLUH
2023-02-04,wk inc flu hosp,2023-02-04,0.9,quantile,50,9.0,0,MOBS-GLEAM_FLUH
2023-02-04,wk inc flu hosp,2023-02-11,0.9,quantile,50,5.0,1,MOBS-GLEAM_FLUH
2023-02-04,wk inc flu hosp,2023-02-18,0.9,quantile,50,3.0,2,MOBS-GLEAM_FLUH
2023-02-04,wk inc flu hosp,2023-02-25,0.9,quantile,50,1.0,3,MOBS-GLEAM_FLUH
2023-02-04,wk inc flu hosp,2023-02-04,0.95,quantile,50,10.0,0,MOBS-GLEAM_FLUH
2023-02-04,wk inc flu hosp,2023-02-11,0.95,quantile,50,6.0,1,MOBS-GLEAM_FLUH
2023-02-04,wk inc flu hosp,2023-02-18,0.95,quantile,50,3.0,2,MOBS-GLEAM_FLUH
2023-02-04,wk inc flu hosp,2023-02-25,0.95,quantile,50,2.0,3,MOBS-GLEAM_FLUH
2023-02-04,wk inc flu hosp,2023-02-04,0.975,quantile,50,12.0,0,MOBS-GLEAM_FLUH
2023-02-04,wk inc flu hosp,2023-02-11,0.975,quantile,50,7.0,1,MOBS-GLEAM_FLUH
2023-02-04,wk inc flu hosp,2023-02-18,0.975,quantile,50,4.0,2,MOBS-GLEAM_FLUH
2023-02-04,wk inc flu hosp,2023-02-25,0.975,quantile,50,2.0,3,MOBS-GLEAM_FLUH
2023-02-04,wk inc flu hosp,2023-02-04,0.99,quantile,50,14.0,0,MOBS-GLEAM_FLUH
2023-02-04,wk inc flu hosp,2023-02-11,0.99,quantile,50,8.0,1,MOBS-GLEAM_FLUH
2023-02-04,wk inc flu hosp,2023-02-18,0.99,quantile,50,5.0,2,MOBS-GLEAM_FLUH
2023-02-04,wk inc flu hosp,2023-02-25,0.99,quantile,50,3.0,3,MOBS-GLEAM_FLUH
2023-02-04,wk inc flu hosp,2023-02-04,nan,point,51,45.0,0,MOBS-GLEAM_FLUH
2023-02-04,wk inc flu hosp,2023-02-11,nan,point,51,39.0,1,MOBS-GLEAM_FLUH
2023-02-04,wk inc flu hosp,2023-02-18,nan,point,51,36.0,2,MOBS-GLEAM_FLUH
2023-02-04,wk inc flu hosp,2023-02-25,nan,point,51,33.0,3,MOBS-GLEAM_FLUH
2023-02-04,wk inc flu hosp,2023-02-04,0.01,quantile,51,10.0,0,MOBS-GLEAM_FLUH
2023-02-04,wk inc flu hosp,2023-02-11,0.01,quantile,51,9.0,1,MOBS-GLEAM_FLUH
2023-02-04,wk inc flu hosp,2023-02-18,0.01,quantile,51,8.0,2,MOBS-GLEAM_FLUH
2023-02-04,wk inc flu hosp,2023-02-25,0.01,quantile,51,7.0,3,MOBS-GLEAM_FLUH
2023-02-04,wk inc flu hosp,2023-02-04,0.025,quantile,51,14.0,0,MOBS-GLEAM_FLUH
2023-02-04,wk inc flu hosp,2023-02-11,0.025,quantile,51,12.0,1,MOBS-GLEAM_FLUH
2023-02-04,wk inc flu hosp,2023-02-18,0.025,quantile,51,11.0,2,MOBS-GLEAM_FLUH
2023-02-04,wk inc flu hosp,2023-02-25,0.025,quantile,51,10.0,3,MOBS-GLEAM_FLUH
2023-02-04,wk inc flu hosp,2023-02-04,0.05,quantile,51,17.0,0,MOBS-GLEAM_FLUH
2023-02-04,wk inc flu hosp,2023-02-11,0.05,quantile,51,15.0,1,MOBS-GLEAM_FLUH
2023-02-04,wk inc flu hosp,2023-02-18,0.05,quantile,51,14.0,2,MOBS-GLEAM_FLUH
2023-02-04,wk inc flu hosp,2023-02-25,0.05,quantile,51,13.0,3,MOBS-GLEAM_FLUH
2023-02-04,wk inc flu hosp,2023-02-04,0.1,quantile,51,22.0,0,MOBS-GLEAM_FLUH
2023-02-04,wk inc flu hosp,2023-02-11,0.1,quantile,51,19.0,1,MOBS-GLEAM_FLUH
2023-02-04,wk inc flu hosp,2023-02-18,0.1,quantile,51,17.0,2,MOBS-GLEAM_FLUH
2023-02-04,wk inc flu hosp,2023-02-25,0.1,quantile,51,16.0,3,MOBS-GLEAM_FLUH
2023-02-04,wk inc flu hosp,2023-02-04,0.15,quantile,51,26.0,0,MOBS-GLEAM_FLUH
2023-02-04,wk inc flu hosp,2023-02-11,0.15,quantile,51,22.0,1,MOBS-GLEAM_FLUH
2023-02-04,wk inc flu hosp,2023-02-18,0.15,quantile,51,20.0,2,MOBS-GLEAM_FLUH
2023-02-04,wk inc flu hosp,2023-02-25,0.15,quantile,51,19.0,3,MOBS-GLEAM_FLUH
2023-02-04,wk inc flu hosp,2023-02-04,0.2,quantile,51,29.0,0,MOBS-GLEAM_FLUH
2023-02-04,wk inc flu hosp,2023-02-11,0.2,quantile,51,25.0,1,MOBS-GLEAM_FLUH
2023-02-04,wk inc flu hosp,2023-02-18,0.2,quantile,51,23.0,2,MOBS-GLEAM_FLUH
2023-02-04,wk inc flu hosp,2023-02-25,0.2,quantile,51,21.0,3,MOBS-GLEAM_FLUH
2023-02-04,wk inc flu hosp,2023-02-04,0.25,quantile,51,32.0,0,MOBS-GLEAM_FLUH
2023-02-04,wk inc flu hosp,2023-02-11,0.25,quantile,51,28.0,1,MOBS-GLEAM_FLUH
2023-02-04,wk inc flu hosp,2023-02-18,0.25,quantile,51,25.0,2,MOBS-GLEAM_FLUH
2023-02-04,wk inc flu hosp,2023-02-25,0.25,quantile,51,23.0,3,MOBS-GLEAM_FLUH
2023-02-04,wk inc flu hosp,2023-02-04,0.3,quantile,51,34.0,0,MOBS-GLEAM_FLUH
2023-02-04,wk inc flu hosp,2023-02-11,0.3,quantile,51,30.0,1,MOBS-GLEAM_FLUH
2023-02-04,wk inc flu hosp,2023-02-18,0.3,quantile,51,27.0,2,MOBS-GLEAM_FLUH
2023-02-04,wk inc flu hosp,2023-02-25,0.3,quantile,51,25.0,3,MOBS-GLEAM_FLUH
2023-02-04,wk inc flu hosp,2023-02-04,0.35,quantile,51,37.0,0,MOBS-GLEAM_FLUH
2023-02-04,wk inc flu hosp,2023-02-11,0.35,quantile,51,32.0,1,MOBS-GLEAM_FLUH
2023-02-04,wk inc flu hosp,2023-02-18,0.35,quantile,51,29.0,2,MOBS-GLEAM_FLUH
2023-02-04,wk inc flu hosp,2023-02-25,0.35,quantile,51,27.0,3,MOBS-GLEAM_FLUH
2023-02-04,wk inc flu hosp,2023-02-04,0.4,quantile,51,39.0,0,MOBS-GLEAM_FLUH
2023-02-04,wk inc flu hosp,2023-02-11,0.4,quantile,51,35.0,1,MOBS-GLEAM_FLUH
2023-02-04,wk inc flu hosp,2023-02-18,0.4,quantile,51,31.0,2,MOBS-GLEAM_FLUH
2023-02-04,wk inc flu hosp,2023-02-25,0.4,quantile,51,29.0,3,MOBS-GLEAM_FLUH
2023-02-04,wk inc flu hosp,2023-02-04,0.45,quantile,51,42.0,0,MOBS-GLEAM_FLUH
2023-02-04,wk inc flu hosp,2023-02-11,0.45,quantile,51,37.0,1,MOBS-GLEAM_FLUH
2023-02-04,wk inc flu hosp,2023-02-18,0.45,quantile,51,34.0,2,MOBS-GLEAM_FLUH
2023-02-04,wk inc flu hosp,2023-02-25,0.45,quantile,51,31.0,3,MOBS-GLEAM_FLUH
2023-02-04,wk inc flu hosp,2023-02-04,0.5,quantile,51,45.0,0,MOBS-GLEAM_FLUH
2023-02-04,wk inc flu hosp,2023-02-11,0.5,quantile,51,39.0,1,MOBS-GLEAM_FLUH
2023-02-04,wk inc flu hosp,2023-02-18,0.5,quantile,51,36.0,2,MOBS-GLEAM_FLUH
2023-02-04,wk inc flu hosp,2023-02-25,0.5,quantile,51,33.0,3,MOBS-GLEAM_FLUH
2023-02-04,wk inc flu hosp,2023-02-04,0.55,quantile,51,47.0,0,MOBS-GLEAM_FLUH
2023-02-04,wk inc flu hosp,2023-02-11,0.55,quantile,51,42.0,1,MOBS-GLEAM_FLUH
2023-02-04,wk inc flu hosp,2023-02-18,0.55,quantile,51,38.0,2,MOBS-GLEAM_FLUH
2023-02-04,wk inc flu hosp,2023-02-25,0.55,quantile,51,35.0,3,MOBS-GLEAM_FLUH
2023-02-04,wk inc flu hosp,2023-02-04,0.6,quantile,51,50.0,0,MOBS-GLEAM_FLUH
2023-02-04,wk inc flu hosp,2023-02-11,0.6,quantile,51,44.0,1,MOBS-GLEAM_FLUH
2023-02-04,wk inc flu hosp,2023-02-18,0.6,quantile,51,40.0,2,MOBS-GLEAM_FLUH
2023-02-04,wk inc flu hosp,2023-02-25,0.6,quantile,51,38.0,3,MOBS-GLEAM_FLUH
2023-02-04,wk inc flu hosp,2023-02-04,0.65,quantile,51,54.0,0,MOBS-GLEAM_FLUH
2023-02-04,wk inc flu hosp,2023-02-11,0.65,quantile,51,47.0,1,MOBS-GLEAM_FLUH
2023-02-04,wk inc flu hosp,2023-02-18,0.65,quantile,51,43.0,2,MOBS-GLEAM_FLUH
2023-02-04,wk inc flu hosp,2023-02-25,0.65,quantile,51,40.0,3,MOBS-GLEAM_FLUH
2023-02-04,wk inc flu hosp,2023-02-04,0.7,quantile,51,57.0,0,MOBS-GLEAM_FLUH
2023-02-04,wk inc flu hosp,2023-02-11,0.7,quantile,51,50.0,1,MOBS-GLEAM_FLUH
2023-02-04,wk inc flu hosp,2023-02-18,0.7,quantile,51,46.0,2,MOBS-GLEAM_FLUH
2023-02-04,wk inc flu hosp,2023-02-25,0.7,quantile,51,43.0,3,MOBS-GLEAM_FLUH
2023-02-04,wk inc flu hosp,2023-02-04,0.75,quantile,51,61.0,0,MOBS-GLEAM_FLUH
2023-02-04,wk inc flu hosp,2023-02-11,0.75,quantile,51,54.0,1,MOBS-GLEAM_FLUH
2023-02-04,wk inc flu hosp,2023-02-18,0.75,quantile,51,49.0,2,MOBS-GLEAM_FLUH
2023-02-04,wk inc flu hosp,2023-02-25,0.75,quantile,51,45.0,3,MOBS-GLEAM_FLUH
2023-02-04,wk inc flu hosp,2023-02-04,0.8,quantile,51,65.0,0,MOBS-GLEAM_FLUH
2023-02-04,wk inc flu hosp,2023-02-11,0.8,quantile,51,58.0,1,MOBS-GLEAM_FLUH
2023-02-04,wk inc flu hosp,2023-02-18,0.8,quantile,51,52.0,2,MOBS-GLEAM_FLUH
2023-02-04,wk inc flu hosp,2023-02-25,0.8,quantile,51,49.0,3,MOBS-GLEAM_FLUH
2023-02-04,wk inc flu hosp,2023-02-04,0.85,quantile,51,71.0,0,MOBS-GLEAM_FLUH
2023-02-04,wk inc flu hosp,2023-02-11,0.85,quantile,51,62.0,1,MOBS-GLEAM_FLUH
2023-02-04,wk inc flu hosp,2023-02-18,0.85,quantile,51,57.0,2,MOBS-GLEAM_FLUH
2023-02-04,wk inc flu hosp,2023-02-25,0.85,quantile,51,53.0,3,MOBS-GLEAM_FLUH
2023-02-04,wk inc flu hosp,2023-02-04,0.9,quantile,51,78.0,0,MOBS-GLEAM_FLUH
2023-02-04,wk inc flu hosp,2023-02-11,0.9,quantile,51,69.0,1,MOBS-GLEAM_FLUH
2023-02-04,wk inc flu hosp,2023-02-18,0.9,quantile,51,63.0,2,MOBS-GLEAM_FLUH
2023-02-04,wk inc flu hosp,2023-02-25,0.9,quantile,51,59.0,3,MOBS-GLEAM_FLUH
2023-02-04,wk inc flu hosp,2023-02-04,0.95,quantile,51,90.0,0,MOBS-GLEAM_FLUH
2023-02-04,wk inc flu hosp,2023-02-11,0.95,quantile,51,79.0,1,MOBS-GLEAM_FLUH
2023-02-04,wk inc flu hosp,2023-02-18,0.95,quantile,51,72.0,2,MOBS-GLEAM_FLUH
2023-02-04,wk inc flu hosp,2023-02-25,0.95,quantile,51,67.0,3,MOBS-GLEAM_FLUH
2023-02-04,wk inc flu hosp,2023-02-04,0.975,quantile,51,101.0,0,MOBS-GLEAM_FLUH
2023-02-04,wk inc flu hosp,2023-02-11,0.975,quantile,51,89.0,1,MOBS-GLEAM_FLUH
2023-02-04,wk inc flu hosp,2023-02-18,0.975,quantile,51,81.0,2,MOBS-GLEAM_FLUH
2023-02-04,wk inc flu hosp,2023-02-25,0.975,quantile,51,76.0,3,MOBS-GLEAM_FLUH
2023-02-04,wk inc flu hosp,2023-02-04,0.99,quantile,51,115.0,0,MOBS-GLEAM_FLUH
2023-02-04,wk inc flu hosp,2023-02-11,0.99,quantile,51,101.0,1,MOBS-GLEAM_FLUH
2023-02-04,wk inc flu hosp,2023-02-18,0.99,quantile,51,92.0,2,MOBS-GLEAM_FLUH
2023-02-04,wk inc flu hosp,2023-02-25,0.99,quantile,51,86.0,3,MOBS-GLEAM_FLUH
2023-02-04,wk inc flu hosp,2023-02-04,nan,point,53,56.693137468060975,0,MOBS-GLEAM_FLUH
2023-02-04,wk inc flu hosp,2023-02-11,nan,point,53,42.23827328681347,1,MOBS-GLEAM_FLUH
2023-02-04,wk inc flu hosp,2023-02-18,nan,point,53,32.02662746802321,2,MOBS-GLEAM_FLUH
2023-02-04,wk inc flu hosp,2023-02-25,nan,point,53,24.728352278730995,3,MOBS-GLEAM_FLUH
2023-02-04,wk inc flu hosp,2023-02-04,0.01,quantile,53,24.304835318415098,0,MOBS-GLEAM_FLUH
2023-02-04,wk inc flu hosp,2023-02-11,0.01,quantile,53,20.564019015816463,1,MOBS-GLEAM_FLUH
2023-02-04,wk inc flu hosp,2023-02-18,0.01,quantile,53,18.46854603499977,2,MOBS-GLEAM_FLUH
2023-02-04,wk inc flu hosp,2023-02-25,0.01,quantile,53,17.384545201328493,3,MOBS-GLEAM_FLUH
2023-02-04,wk inc flu hosp,2023-02-04,0.025,quantile,53,26.26292062804126,0,MOBS-GLEAM_FLUH
2023-02-04,wk inc flu hosp,2023-02-11,0.025,quantile,53,21.772003902174283,1,MOBS-GLEAM_FLUH
2023-02-04,wk inc flu hosp,2023-02-18,0.025,quantile,53,19.17037267934927,2,MOBS-GLEAM_FLUH
2023-02-04,wk inc flu hosp,2023-02-25,0.025,quantile,53,17.718533008370546,3,MOBS-GLEAM_FLUH
2023-02-04,wk inc flu hosp,2023-02-04,0.05,quantile,53,28.639894552028316,0,MOBS-GLEAM_FLUH
2023-02-04,wk inc flu hosp,2023-02-11,0.05,quantile,53,23.244220144885382,1,MOBS-GLEAM_FLUH
2023-02-04,wk inc flu hosp,2023-02-18,0.05,quantile,53,20.025661067335,2,MOBS-GLEAM_FLUH
2023-02-04,wk inc flu hosp,2023-02-25,0.05,quantile,53,18.14193284124735,3,MOBS-GLEAM_FLUH
2023-02-04,wk inc flu hosp,2023-02-04,0.1,quantile,53,32.450316440681256,0,MOBS-GLEAM_FLUH
2023-02-04,wk inc flu hosp,2023-02-11,0.1,quantile,53,25.615117724064987,1,MOBS-GLEAM_FLUH
2023-02-04,wk inc flu hosp,2023-02-18,0.1,quantile,53,21.414820924436505,2,MOBS-GLEAM_FLUH
2023-02-04,wk inc flu hosp,2023-02-25,0.1,quantile,53,18.844109484375288,3,MOBS-GLEAM_FLUH
2023-02-04,wk inc flu hosp,2023-02-04,0.15,quantile,53,35.56608630627436,0,MOBS-GLEAM_FLUH
2023-02-04,wk inc flu hosp,2023-02-11,0.15,quantile,53,27.618032627348327,1,MOBS-GLEAM_FLUH
2023-02-04,wk inc flu hosp,2023-02-18,0.15,quantile,53,22.655050572301665,2,MOBS-GLEAM_FLUH
2023-02-04,wk inc flu hosp,2023-02-25,0.15,quantile,53,19.499733050530224,3,MOBS-GLEAM_FLUH
2023-02-04,wk inc flu hosp,2023-02-04,0.2,quantile,53,38.34910457424522,0,MOBS-GLEAM_FLUH
2023-02-04,wk inc flu hosp,2023-02-11,0.2,quantile,53,29.504079864659904,1,MOBS-GLEAM_FLUH
2023-02-04,wk inc flu hosp,2023-02-18,0.2,quantile,53,23.81573225721773,2,MOBS-GLEAM_FLUH
2023-02-04,wk inc flu hosp,2023-02-25,0.2,quantile,53,20.137758739819308,3,MOBS-GLEAM_FLUH
2023-02-04,wk inc flu hosp,2023-02-04,0.25,quantile,53,41.092004387259855,0,MOBS-GLEAM_FLUH
2023-02-04,wk inc flu hosp,2023-02-11,0.25,quantile,53,31.416871218650257,1,MOBS-GLEAM_FLUH
2023-02-04,wk inc flu hosp,2023-02-18,0.25,quantile,53,24.99724228467889,2,MOBS-GLEAM_FLUH
2023-02-04,wk inc flu hosp,2023-02-25,0.25,quantile,53,20.78437907878908,3,MOBS-GLEAM_FLUH
2023-02-04,wk inc flu hosp,2023-02-04,0.3,quantile,53,44.056407828901065,0,MOBS-GLEAM_FLUH
2023-02-04,wk inc flu hosp,2023-02-11,0.3,quantile,53,33.374463496865204,1,MOBS-GLEAM_FLUH
2023-02-04,wk inc flu hosp,2023-02-18,0.3,quantile,53,26.224603429213904,2,MOBS-GLEAM_FLUH
2023-02-04,wk inc flu hosp,2023-02-25,0.3,quantile,53,21.433731965315356,3,MOBS-GLEAM_FLUH
2023-02-04,wk inc flu hosp,2023-02-04,0.35,quantile,53,46.9980295416047,0,MOBS-GLEAM_FLUH
2023-02-04,wk inc flu hosp,2023-02-11,0.35,quantile,53,35.39790917673201,1,MOBS-GLEAM_FLUH
2023-02-04,wk inc flu hosp,2023-02-18,0.35,quantile,53,27.5562071674174,2,MOBS-GLEAM_FLUH
2023-02-04,wk inc flu hosp,2023-02-25,0.35,quantile,53,22.172803856082783,3,MOBS-GLEAM_FLUH
2023-02-04,wk inc flu hosp,2023-02-04,0.4,quantile,53,50.06125144770812,0,MOBS-GLEAM_FLUH
2023-02-04,wk inc flu hosp,2023-02-11,0.4,quantile,53,37.57124971653682,1,MOBS-GLEAM_FLUH
2023-02-04,wk inc flu hosp,2023-02-18,0.4,quantile,53,28.933338112281103,2,MOBS-GLEAM_FLUH
2023-02-04,wk inc flu hosp,2023-02-25,0.4,quantile,53,22.956852032658105,3,MOBS-GLEAM_FLUH
2023-02-04,wk inc flu hosp,2023-02-04,0.45,quantile,53,53.33761828192723,0,MOBS-GLEAM_FLUH
2023-02-04,wk inc flu hosp,2023-02-11,0.45,quantile,53,39.848379563986256,1,MOBS-GLEAM_FLUH
2023-02-04,wk inc flu hosp,2023-02-18,0.45,quantile,53,30.415898667161343,2,MOBS-GLEAM_FLUH
2023-02-04,wk inc flu hosp,2023-02-25,0.45,quantile,53,23.797632301887443,3,MOBS-GLEAM_FLUH
2023-02-04,wk inc flu hosp,2023-02-04,0.5,quantile,53,56.693137468060975,0,MOBS-GLEAM_FLUH
2023-02-04,wk inc flu hosp,2023-02-11,0.5,quantile,53,42.23827328681347,1,MOBS-GLEAM_FLUH
2023-02-04,wk inc flu hosp,2023-02-18,0.5,quantile,53,32.02662746802321,2,MOBS-GLEAM_FLUH
2023-02-04,wk inc flu hosp,2023-02-25,0.5,quantile,53,24.728352278730995,3,MOBS-GLEAM_FLUH
2023-02-04,wk inc flu hosp,2023-02-04,0.55,quantile,53,60.159483682804925,0,MOBS-GLEAM_FLUH
2023-02-04,wk inc flu hosp,2023-02-11,0.55,quantile,53,44.76130338590434,1,MOBS-GLEAM_FLUH
2023-02-04,wk inc flu hosp,2023-02-18,0.55,quantile,53,33.797195429452564,2,MOBS-GLEAM_FLUH
2023-02-04,wk inc flu hosp,2023-02-25,0.55,quantile,53,25.7493774903752,3,MOBS-GLEAM_FLUH
2023-02-04,wk inc flu hosp,2023-02-04,0.6,quantile,53,63.88251323814685,0,MOBS-GLEAM_FLUH
2023-02-04,wk inc flu hosp,2023-02-11,0.6,quantile,53,47.48608889576168,1,MOBS-GLEAM_FLUH
2023-02-04,wk inc flu hosp,2023-02-18,0.6,quantile,53,35.72659743127237,2,MOBS-GLEAM_FLUH
2023-02-04,wk inc flu hosp,2023-02-25,0.6,quantile,53,26.881761453815844,3,MOBS-GLEAM_FLUH
2023-02-04,wk inc flu hosp,2023-02-04,0.65,quantile,53,68.13756049260444,0,MOBS-GLEAM_FLUH
2023-02-04,wk inc flu hosp,2023-02-11,0.65,quantile,53,50.63533839458336,1,MOBS-GLEAM_FLUH
2023-02-04,wk inc flu hosp,2023-02-18,0.65,quantile,53,37.97939109784034,2,MOBS-GLEAM_FLUH
2023-02-04,wk inc flu hosp,2023-02-25,0.65,quantile,53,28.22317464667636,3,MOBS-GLEAM_FLUH
2023-02-04,wk inc flu hosp,2023-02-04,0.7,quantile,53,72.89708356287588,0,MOBS-GLEAM_FLUH
2023-02-04,wk inc flu hosp,2023-02-11,0.7,quantile,53,54.28625464783645,1,MOBS-GLEAM_FLUH
2023-02-04,wk inc flu hosp,2023-02-18,0.7,quantile,53,40.49650364602009,2,MOBS-GLEAM_FLUH
2023-02-04,wk inc flu hosp,2023-02-25,0.7,quantile,53,29.76988684994044,3,MOBS-GLEAM_FLUH
2023-02-04,wk inc flu hosp,2023-02-04,0.75,quantile,53,78.34077494529375,0,MOBS-GLEAM_FLUH
2023-02-04,wk inc flu hosp,2023-02-11,0.75,quantile,53,58.50109792967038,1,MOBS-GLEAM_FLUH
2023-02-04,wk inc flu hosp,2023-02-18,0.75,quantile,53,43.61516834427333,2,MOBS-GLEAM_FLUH
2023-02-04,wk inc flu hosp,2023-02-25,0.75,quantile,53,31.614480878841555,3,MOBS-GLEAM_FLUH
2023-02-04,wk inc flu hosp,2023-02-04,0.8,quantile,53,84.88879347136,0,MOBS-GLEAM_FLUH
2023-02-04,wk inc flu hosp,2023-02-11,0.8,quantile,53,63.71109435160199,1,MOBS-GLEAM_FLUH
2023-02-04,wk inc flu hosp,2023-02-18,0.8,quantile,53,47.33065687451032,2,MOBS-GLEAM_FLUH
2023-02-04,wk inc flu hosp,2023-02-25,0.8,quantile,53,33.74670374549054,3,MOBS-GLEAM_FLUH
2023-02-04,wk inc flu hosp,2023-02-04,0.85,quantile,53,93.09877517493646,0,MOBS-GLEAM_FLUH
2023-02-04,wk inc flu hosp,2023-02-11,0.85,quantile,53,70.3506781588865,1,MOBS-GLEAM_FLUH
2023-02-04,wk inc flu hosp,2023-02-18,0.85,quantile,53,51.942281729313216,2,MOBS-GLEAM_FLUH
2023-02-04,wk inc flu hosp,2023-02-25,0.85,quantile,53,36.58793409311538,3,MOBS-GLEAM_FLUH
2023-02-04,wk inc flu hosp,2023-02-04,0.9,quantile,53,103.56017934091088,0,MOBS-GLEAM_FLUH
2023-02-04,wk inc flu hosp,2023-02-11,0.9,quantile,53,79.11152449491635,1,MOBS-GLEAM_FLUH
2023-02-04,wk inc flu hosp,2023-02-18,0.9,quantile,53,58.32437772356256,2,MOBS-GLEAM_FLUH
2023-02-04,wk inc flu hosp,2023-02-25,0.9,quantile,53,40.46697379261818,3,MOBS-GLEAM_FLUH
2023-02-04,wk inc flu hosp,2023-02-04,0.95,quantile,53,119.02045806000592,0,MOBS-GLEAM_FLUH
2023-02-04,wk inc flu hosp,2023-02-11,0.95,quantile,53,91.08291376671436,1,MOBS-GLEAM_FLUH
2023-02-04,wk inc flu hosp,2023-02-18,0.95,quantile,53,67.42401804026339,2,MOBS-GLEAM_FLUH
2023-02-04,wk inc flu hosp,2023-02-25,0.95,quantile,53,46.327811811269406,3,MOBS-GLEAM_FLUH
2023-02-04,wk inc flu hosp,2023-02-04,0.975,quantile,53,131.9063055579505,0,MOBS-GLEAM_FLUH
2023-02-04,wk inc flu hosp,2023-02-11,0.975,quantile,53,102.18751227864696,1,MOBS-GLEAM_FLUH
2023-02-04,wk inc flu hosp,2023-02-18,0.975,quantile,53,75.4213812375417,2,MOBS-GLEAM_FLUH
2023-02-04,wk inc flu hosp,2023-02-25,0.975,quantile,53,51.64303683041975,3,MOBS-GLEAM_FLUH
2023-02-04,wk inc flu hosp,2023-02-04,0.99,quantile,53,146.52549777159322,0,MOBS-GLEAM_FLUH
2023-02-04,wk inc flu hosp,2023-02-11,0.99,quantile,53,114.26245618359704,1,MOBS-GLEAM_FLUH
2023-02-04,wk inc flu hosp,2023-02-18,0.99,quantile,53,85.67141957127794,2,MOBS-GLEAM_FLUH
2023-02-04,wk inc flu hosp,2023-02-25,0.99,quantile,53,58.14677205765654,3,MOBS-GLEAM_FLUH
2023-02-04,wk inc flu hosp,2023-02-04,nan,point,54,9.82488862433134,0,MOBS-GLEAM_FLUH
2023-02-04,wk inc flu hosp,2023-02-11,nan,point,54,7.109868482088747,1,MOBS-GLEAM_FLUH
2023-02-04,wk inc flu hosp,2023-02-18,nan,point,54,5.549700560360735,2,MOBS-GLEAM_FLUH
2023-02-04,wk inc flu hosp,2023-02-25,nan,point,54,4.652903971454708,3,MOBS-GLEAM_FLUH
2023-02-04,wk inc flu hosp,2023-02-04,0.01,quantile,54,4.44623726796168,0,MOBS-GLEAM_FLUH
2023-02-04,wk inc flu hosp,2023-02-11,0.01,quantile,54,3.919841031242029,1,MOBS-GLEAM_FLUH
2023-02-04,wk inc flu hosp,2023-02-18,0.01,quantile,54,3.7510064145677777,2,MOBS-GLEAM_FLUH
2023-02-04,wk inc flu hosp,2023-02-25,0.01,quantile,54,3.75,3,MOBS-GLEAM_FLUH
2023-02-04,wk inc flu hosp,2023-02-04,0.025,quantile,54,4.828410263609106,0,MOBS-GLEAM_FLUH
2023-02-04,wk inc flu hosp,2023-02-11,0.025,quantile,54,4.129627861319169,1,MOBS-GLEAM_FLUH
2023-02-04,wk inc flu hosp,2023-02-18,0.025,quantile,54,3.776791226205813,2,MOBS-GLEAM_FLUH
2023-02-04,wk inc flu hosp,2023-02-25,0.025,quantile,54,3.75,3,MOBS-GLEAM_FLUH
2023-02-04,wk inc flu hosp,2023-02-04,0.05,quantile,54,5.2366366327770555,0,MOBS-GLEAM_FLUH
2023-02-04,wk inc flu hosp,2023-02-11,0.05,quantile,54,4.337803744279058,1,MOBS-GLEAM_FLUH
2023-02-04,wk inc flu hosp,2023-02-18,0.05,quantile,54,3.889856045892615,2,MOBS-GLEAM_FLUH
2023-02-04,wk inc flu hosp,2023-02-25,0.05,quantile,54,3.750884424923199,3,MOBS-GLEAM_FLUH
2023-02-04,wk inc flu hosp,2023-02-04,0.1,quantile,54,5.83810381207606,0,MOBS-GLEAM_FLUH
2023-02-04,wk inc flu hosp,2023-02-11,0.1,quantile,54,4.6717688064110074,1,MOBS-GLEAM_FLUH
2023-02-04,wk inc flu hosp,2023-02-18,0.1,quantile,54,4.102729050387295,2,MOBS-GLEAM_FLUH
2023-02-04,wk inc flu hosp,2023-02-25,0.1,quantile,54,3.777297483230816,3,MOBS-GLEAM_FLUH
2023-02-04,wk inc flu hosp,2023-02-04,0.15,quantile,54,6.352380182081376,0,MOBS-GLEAM_FLUH
2023-02-04,wk inc flu hosp,2023-02-11,0.15,quantile,54,4.974319462616002,1,MOBS-GLEAM_FLUH
2023-02-04,wk inc flu hosp,2023-02-18,0.15,quantile,54,4.264648302858864,2,MOBS-GLEAM_FLUH
2023-02-04,wk inc flu hosp,2023-02-25,0.15,quantile,54,3.890806659898311,3,MOBS-GLEAM_FLUH
2023-02-04,wk inc flu hosp,2023-02-04,0.2,quantile,54,6.835040606453829,0,MOBS-GLEAM_FLUH
2023-02-04,wk inc flu hosp,2023-02-11,0.2,quantile,54,5.2644603205447735,1,MOBS-GLEAM_FLUH
2023-02-04,wk inc flu hosp,2023-02-18,0.2,quantile,54,4.430467147934033,2,MOBS-GLEAM_FLUH
2023-02-04,wk inc flu hosp,2023-02-25,0.2,quantile,54,4.0018286921028245,3,MOBS-GLEAM_FLUH
2023-02-04,wk inc flu hosp,2023-02-04,0.25,quantile,54,7.311968151404191,0,MOBS-GLEAM_FLUH
2023-02-04,wk inc flu hosp,2023-02-11,0.25,quantile,54,5.556140393811692,1,MOBS-GLEAM_FLUH
2023-02-04,wk inc flu hosp,2023-02-18,0.25,quantile,54,4.596948454663869,2,MOBS-GLEAM_FLUH
2023-02-04,wk inc flu hosp,2023-02-25,0.25,quantile,54,4.109065395011006,3,MOBS-GLEAM_FLUH
2023-02-04,wk inc flu hosp,2023-02-04,0.3,quantile,54,7.7831657574025295,0,MOBS-GLEAM_FLUH
2023-02-04,wk inc flu hosp,2023-02-11,0.3,quantile,54,5.843093026382861,1,MOBS-GLEAM_FLUH
2023-02-04,wk inc flu hosp,2023-02-18,0.3,quantile,54,4.766551310806108,2,MOBS-GLEAM_FLUH
2023-02-04,wk inc flu hosp,2023-02-25,0.3,quantile,54,4.190832250931064,3,MOBS-GLEAM_FLUH
2023-02-04,wk inc flu hosp,2023-02-04,0.35,quantile,54,8.26567546712293,0,MOBS-GLEAM_FLUH
2023-02-04,wk inc flu hosp,2023-02-11,0.35,quantile,54,6.145786992708137,1,MOBS-GLEAM_FLUH
2023-02-04,wk inc flu hosp,2023-02-18,0.35,quantile,54,4.942156686573838,2,MOBS-GLEAM_FLUH
2023-02-04,wk inc flu hosp,2023-02-25,0.35,quantile,54,4.293269924533451,3,MOBS-GLEAM_FLUH
2023-02-04,wk inc flu hosp,2023-02-04,0.4,quantile,54,8.754916673820956,0,MOBS-GLEAM_FLUH
2023-02-04,wk inc flu hosp,2023-02-11,0.4,quantile,54,6.454735064110768,1,MOBS-GLEAM_FLUH
2023-02-04,wk inc flu hosp,2023-02-18,0.4,quantile,54,5.139115275126118,2,MOBS-GLEAM_FLUH
2023-02-04,wk inc flu hosp,2023-02-25,0.4,quantile,54,4.406280613448528,3,MOBS-GLEAM_FLUH
2023-02-04,wk inc flu hosp,2023-02-04,0.45,quantile,54,9.280491961930917,0,MOBS-GLEAM_FLUH
2023-02-04,wk inc flu hosp,2023-02-11,0.45,quantile,54,6.778554726649222,1,MOBS-GLEAM_FLUH
2023-02-04,wk inc flu hosp,2023-02-18,0.45,quantile,54,5.33615162087418,2,MOBS-GLEAM_FLUH
2023-02-04,wk inc flu hosp,2023-02-25,0.45,quantile,54,4.524983968405763,3,MOBS-GLEAM_FLUH
2023-02-04,wk inc flu hosp,2023-02-04,0.5,quantile,54,9.82488862433134,0,MOBS-GLEAM_FLUH
2023-02-04,wk inc flu hosp,2023-02-11,0.5,quantile,54,7.109868482088747,1,MOBS-GLEAM_FLUH
2023-02-04,wk inc flu hosp,2023-02-18,0.5,quantile,54,5.549700560360735,2,MOBS-GLEAM_FLUH
2023-02-04,wk inc flu hosp,2023-02-25,0.5,quantile,54,4.652903971454708,3,MOBS-GLEAM_FLUH
2023-02-04,wk inc flu hosp,2023-02-04,0.55,quantile,54,10.411605899922469,0,MOBS-GLEAM_FLUH
2023-02-04,wk inc flu hosp,2023-02-11,0.55,quantile,54,7.48899483671117,1,MOBS-GLEAM_FLUH
2023-02-04,wk inc flu hosp,2023-02-18,0.55,quantile,54,5.772684554889761,2,MOBS-GLEAM_FLUH
2023-02-04,wk inc flu hosp,2023-02-25,0.55,quantile,54,4.7911347903812205,3,MOBS-GLEAM_FLUH
2023-02-04,wk inc flu hosp,2023-02-04,0.6,quantile,54,11.088841075121998,0,MOBS-GLEAM_FLUH
2023-02-04,wk inc flu hosp,2023-02-11,0.6,quantile,54,7.910102240550767,1,MOBS-GLEAM_FLUH
2023-02-04,wk inc flu hosp,2023-02-18,0.6,quantile,54,6.03809104700044,2,MOBS-GLEAM_FLUH
2023-02-04,wk inc flu hosp,2023-02-25,0.6,quantile,54,4.954298463861268,3,MOBS-GLEAM_FLUH
2023-02-04,wk inc flu hosp,2023-02-04,0.65,quantile,54,11.819645923652184,0,MOBS-GLEAM_FLUH
2023-02-04,wk inc flu hosp,2023-02-11,0.65,quantile,54,8.37134162121173,1,MOBS-GLEAM_FLUH
2023-02-04,wk inc flu hosp,2023-02-18,0.65,quantile,54,6.331521478290321,2,MOBS-GLEAM_FLUH
2023-02-04,wk inc flu hosp,2023-02-25,0.65,quantile,54,5.14212025875287,3,MOBS-GLEAM_FLUH
2023-02-04,wk inc flu hosp,2023-02-04,0.7,quantile,54,12.659016693311813,0,MOBS-GLEAM_FLUH
2023-02-04,wk inc flu hosp,2023-02-11,0.7,quantile,54,8.913667603683539,1,MOBS-GLEAM_FLUH
2023-02-04,wk inc flu hosp,2023-02-18,0.7,quantile,54,6.672673750488455,2,MOBS-GLEAM_FLUH
2023-02-04,wk inc flu hosp,2023-02-25,0.7,quantile,54,5.355194825556239,3,MOBS-GLEAM_FLUH
2023-02-04,wk inc flu hosp,2023-02-04,0.75,quantile,54,13.639363059562328,0,MOBS-GLEAM_FLUH
2023-02-04,wk inc flu hosp,2023-02-11,0.75,quantile,54,9.53731680780754,1,MOBS-GLEAM_FLUH
2023-02-04,wk inc flu hosp,2023-02-18,0.75,quantile,54,7.078843546614263,2,MOBS-GLEAM_FLUH
2023-02-04,wk inc flu hosp,2023-02-25,0.75,quantile,54,5.608723565947983,3,MOBS-GLEAM_FLUH
2023-02-04,wk inc flu hosp,2023-02-04,0.8,quantile,54,14.769690860932204,0,MOBS-GLEAM_FLUH
2023-02-04,wk inc flu hosp,2023-02-11,0.8,quantile,54,10.300715372110307,1,MOBS-GLEAM_FLUH
2023-02-04,wk inc flu hosp,2023-02-18,0.8,quantile,54,7.548704626311993,2,MOBS-GLEAM_FLUH
2023-02-04,wk inc flu hosp,2023-02-25,0.8,quantile,54,5.929768768811815,3,MOBS-GLEAM_FLUH
2023-02-04,wk inc flu hosp,2023-02-04,0.85,quantile,54,16.167241196838965,0,MOBS-GLEAM_FLUH
2023-02-04,wk inc flu hosp,2023-02-11,0.85,quantile,54,11.276129404456467,1,MOBS-GLEAM_FLUH
2023-02-04,wk inc flu hosp,2023-02-18,0.85,quantile,54,8.215643600851461,2,MOBS-GLEAM_FLUH
2023-02-04,wk inc flu hosp,2023-02-25,0.85,quantile,54,6.329986496100419,3,MOBS-GLEAM_FLUH
2023-02-04,wk inc flu hosp,2023-02-04,0.9,quantile,54,18.046271054714847,0,MOBS-GLEAM_FLUH
2023-02-04,wk inc flu hosp,2023-02-11,0.9,quantile,54,12.55937466671835,1,MOBS-GLEAM_FLUH
2023-02-04,wk inc flu hosp,2023-02-18,0.9,quantile,54,9.141174516920124,2,MOBS-GLEAM_FLUH
2023-02-04,wk inc flu hosp,2023-02-25,0.9,quantile,54,6.916663530170139,3,MOBS-GLEAM_FLUH
2023-02-04,wk inc flu hosp,2023-02-04,0.95,quantile,54,21.078776385839888,0,MOBS-GLEAM_FLUH
2023-02-04,wk inc flu hosp,2023-02-11,0.95,quantile,54,14.709796345164062,1,MOBS-GLEAM_FLUH
2023-02-04,wk inc flu hosp,2023-02-18,0.95,quantile,54,10.69747231063936,2,MOBS-GLEAM_FLUH
2023-02-04,wk inc flu hosp,2023-02-25,0.95,quantile,54,7.965570450615906,3,MOBS-GLEAM_FLUH
2023-02-04,wk inc flu hosp,2023-02-04,0.975,quantile,54,24.059150567914887,0,MOBS-GLEAM_FLUH
2023-02-04,wk inc flu hosp,2023-02-11,0.975,quantile,54,17.011590325643652,1,MOBS-GLEAM_FLUH
2023-02-04,wk inc flu hosp,2023-02-18,0.975,quantile,54,12.340507035902876,2,MOBS-GLEAM_FLUH
2023-02-04,wk inc flu hosp,2023-02-25,0.975,quantile,54,9.11384777072768,3,MOBS-GLEAM_FLUH
2023-02-04,wk inc flu hosp,2023-02-04,0.99,quantile,54,27.4939915240344,0,MOBS-GLEAM_FLUH
2023-02-04,wk inc flu hosp,2023-02-11,0.99,quantile,54,19.67480992087385,1,MOBS-GLEAM_FLUH
2023-02-04,wk inc flu hosp,2023-02-18,0.99,quantile,54,14.341745764672694,2,MOBS-GLEAM_FLUH
2023-02-04,wk inc flu hosp,2023-02-25,0.99,quantile,54,10.533608731488444,3,MOBS-GLEAM_FLUH
2023-02-04,wk inc flu hosp,2023-02-04,nan,point,55,29.0,0,MOBS-GLEAM_FLUH
2023-02-04,wk inc flu hosp,2023-02-11,nan,point,55,15.0,1,MOBS-GLEAM_FLUH
2023-02-04,wk inc flu hosp,2023-02-18,nan,point,55,8.0,2,MOBS-GLEAM_FLUH
2023-02-04,wk inc flu hosp,2023-02-25,nan,point,55,4.0,3,MOBS-GLEAM_FLUH
2023-02-04,wk inc flu hosp,2023-02-04,0.01,quantile,55,6.0,0,MOBS-GLEAM_FLUH
2023-02-04,wk inc flu hosp,2023-02-11,0.01,quantile,55,3.0,1,MOBS-GLEAM_FLUH
2023-02-04,wk inc flu hosp,2023-02-18,0.01,quantile,55,1.0,2,MOBS-GLEAM_FLUH
2023-02-04,wk inc flu hosp,2023-02-25,0.01,quantile,55,0.0,3,MOBS-GLEAM_FLUH
2023-02-04,wk inc flu hosp,2023-02-04,0.025,quantile,55,9.0,0,MOBS-GLEAM_FLUH
2023-02-04,wk inc flu hosp,2023-02-11,0.025,quantile,55,4.0,1,MOBS-GLEAM_FLUH
2023-02-04,wk inc flu hosp,2023-02-18,0.025,quantile,55,1.0,2,MOBS-GLEAM_FLUH
2023-02-04,wk inc flu hosp,2023-02-25,0.025,quantile,55,0.0,3,MOBS-GLEAM_FLUH
2023-02-04,wk inc flu hosp,2023-02-04,0.05,quantile,55,11.0,0,MOBS-GLEAM_FLUH
2023-02-04,wk inc flu hosp,2023-02-11,0.05,quantile,55,5.0,1,MOBS-GLEAM_FLUH
2023-02-04,wk inc flu hosp,2023-02-18,0.05,quantile,55,2.0,2,MOBS-GLEAM_FLUH
2023-02-04,wk inc flu hosp,2023-02-25,0.05,quantile,55,1.0,3,MOBS-GLEAM_FLUH
2023-02-04,wk inc flu hosp,2023-02-04,0.1,quantile,55,14.0,0,MOBS-GLEAM_FLUH
2023-02-04,wk inc flu hosp,2023-02-11,0.1,quantile,55,7.0,1,MOBS-GLEAM_FLUH
2023-02-04,wk inc flu hosp,2023-02-18,0.1,quantile,55,3.0,2,MOBS-GLEAM_FLUH
2023-02-04,wk inc flu hosp,2023-02-25,0.1,quantile,55,1.0,3,MOBS-GLEAM_FLUH
2023-02-04,wk inc flu hosp,2023-02-04,0.15,quantile,55,16.0,0,MOBS-GLEAM_FLUH
2023-02-04,wk inc flu hosp,2023-02-11,0.15,quantile,55,8.0,1,MOBS-GLEAM_FLUH
2023-02-04,wk inc flu hosp,2023-02-18,0.15,quantile,55,4.0,2,MOBS-GLEAM_FLUH
2023-02-04,wk inc flu hosp,2023-02-25,0.15,quantile,55,2.0,3,MOBS-GLEAM_FLUH
2023-02-04,wk inc flu hosp,2023-02-04,0.2,quantile,55,18.0,0,MOBS-GLEAM_FLUH
2023-02-04,wk inc flu hosp,2023-02-11,0.2,quantile,55,9.0,1,MOBS-GLEAM_FLUH
2023-02-04,wk inc flu hosp,2023-02-18,0.2,quantile,55,5.0,2,MOBS-GLEAM_FLUH
2023-02-04,wk inc flu hosp,2023-02-25,0.2,quantile,55,2.0,3,MOBS-GLEAM_FLUH
2023-02-04,wk inc flu hosp,2023-02-04,0.25,quantile,55,20.0,0,MOBS-GLEAM_FLUH
2023-02-04,wk inc flu hosp,2023-02-11,0.25,quantile,55,10.0,1,MOBS-GLEAM_FLUH
2023-02-04,wk inc flu hosp,2023-02-18,0.25,quantile,55,5.0,2,MOBS-GLEAM_FLUH
2023-02-04,wk inc flu hosp,2023-02-25,0.25,quantile,55,3.0,3,MOBS-GLEAM_FLUH
2023-02-04,wk inc flu hosp,2023-02-04,0.3,quantile,55,22.0,0,MOBS-GLEAM_FLUH
2023-02-04,wk inc flu hosp,2023-02-11,0.3,quantile,55,11.0,1,MOBS-GLEAM_FLUH
2023-02-04,wk inc flu hosp,2023-02-18,0.3,quantile,55,6.0,2,MOBS-GLEAM_FLUH
2023-02-04,wk inc flu hosp,2023-02-25,0.3,quantile,55,3.0,3,MOBS-GLEAM_FLUH
2023-02-04,wk inc flu hosp,2023-02-04,0.35,quantile,55,24.0,0,MOBS-GLEAM_FLUH
2023-02-04,wk inc flu hosp,2023-02-11,0.35,quantile,55,12.0,1,MOBS-GLEAM_FLUH
2023-02-04,wk inc flu hosp,2023-02-18,0.35,quantile,55,6.0,2,MOBS-GLEAM_FLUH
2023-02-04,wk inc flu hosp,2023-02-25,0.35,quantile,55,3.0,3,MOBS-GLEAM_FLUH
2023-02-04,wk inc flu hosp,2023-02-04,0.4,quantile,55,25.0,0,MOBS-GLEAM_FLUH
2023-02-04,wk inc flu hosp,2023-02-11,0.4,quantile,55,13.0,1,MOBS-GLEAM_FLUH
2023-02-04,wk inc flu hosp,2023-02-18,0.4,quantile,55,7.0,2,MOBS-GLEAM_FLUH
2023-02-04,wk inc flu hosp,2023-02-25,0.4,quantile,55,4.0,3,MOBS-GLEAM_FLUH
2023-02-04,wk inc flu hosp,2023-02-04,0.45,quantile,55,27.0,0,MOBS-GLEAM_FLUH
2023-02-04,wk inc flu hosp,2023-02-11,0.45,quantile,55,14.0,1,MOBS-GLEAM_FLUH
2023-02-04,wk inc flu hosp,2023-02-18,0.45,quantile,55,8.0,2,MOBS-GLEAM_FLUH
2023-02-04,wk inc flu hosp,2023-02-25,0.45,quantile,55,4.0,3,MOBS-GLEAM_FLUH
2023-02-04,wk inc flu hosp,2023-02-04,0.5,quantile,55,29.0,0,MOBS-GLEAM_FLUH
2023-02-04,wk inc flu hosp,2023-02-11,0.5,quantile,55,15.0,1,MOBS-GLEAM_FLUH
2023-02-04,wk inc flu hosp,2023-02-18,0.5,quantile,55,8.0,2,MOBS-GLEAM_FLUH
2023-02-04,wk inc flu hosp,2023-02-25,0.5,quantile,55,4.0,3,MOBS-GLEAM_FLUH
2023-02-04,wk inc flu hosp,2023-02-04,0.55,quantile,55,31.0,0,MOBS-GLEAM_FLUH
2023-02-04,wk inc flu hosp,2023-02-11,0.55,quantile,55,16.0,1,MOBS-GLEAM_FLUH
2023-02-04,wk inc flu hosp,2023-02-18,0.55,quantile,55,9.0,2,MOBS-GLEAM_FLUH
2023-02-04,wk inc flu hosp,2023-02-25,0.55,quantile,55,5.0,3,MOBS-GLEAM_FLUH
2023-02-04,wk inc flu hosp,2023-02-04,0.6,quantile,55,33.0,0,MOBS-GLEAM_FLUH
2023-02-04,wk inc flu hosp,2023-02-11,0.6,quantile,55,17.0,1,MOBS-GLEAM_FLUH
2023-02-04,wk inc flu hosp,2023-02-18,0.6,quantile,55,9.0,2,MOBS-GLEAM_FLUH
2023-02-04,wk inc flu hosp,2023-02-25,0.6,quantile,55,5.0,3,MOBS-GLEAM_FLUH
2023-02-04,wk inc flu hosp,2023-02-04,0.65,quantile,55,35.0,0,MOBS-GLEAM_FLUH
2023-02-04,wk inc flu hosp,2023-02-11,0.65,quantile,55,19.0,1,MOBS-GLEAM_FLUH
2023-02-04,wk inc flu hosp,2023-02-18,0.65,quantile,55,10.0,2,MOBS-GLEAM_FLUH
2023-02-04,wk inc flu hosp,2023-02-25,0.65,quantile,55,6.0,3,MOBS-GLEAM_FLUH
2023-02-04,wk inc flu hosp,2023-02-04,0.7,quantile,55,37.0,0,MOBS-GLEAM_FLUH
2023-02-04,wk inc flu hosp,2023-02-11,0.7,quantile,55,20.0,1,MOBS-GLEAM_FLUH
2023-02-04,wk inc flu hosp,2023-02-18,0.7,quantile,55,11.0,2,MOBS-GLEAM_FLUH
2023-02-04,wk inc flu hosp,2023-02-25,0.7,quantile,55,6.0,3,MOBS-GLEAM_FLUH
2023-02-04,wk inc flu hosp,2023-02-04,0.75,quantile,55,40.0,0,MOBS-GLEAM_FLUH
2023-02-04,wk inc flu hosp,2023-02-11,0.75,quantile,55,21.0,1,MOBS-GLEAM_FLUH
2023-02-04,wk inc flu hosp,2023-02-18,0.75,quantile,55,12.0,2,MOBS-GLEAM_FLUH
2023-02-04,wk inc flu hosp,2023-02-25,0.75,quantile,55,7.0,3,MOBS-GLEAM_FLUH
2023-02-04,wk inc flu hosp,2023-02-04,0.8,quantile,55,43.0,0,MOBS-GLEAM_FLUH
2023-02-04,wk inc flu hosp,2023-02-11,0.8,quantile,55,23.0,1,MOBS-GLEAM_FLUH
2023-02-04,wk inc flu hosp,2023-02-18,0.8,quantile,55,13.0,2,MOBS-GLEAM_FLUH
2023-02-04,wk inc flu hosp,2023-02-25,0.8,quantile,55,7.0,3,MOBS-GLEAM_FLUH
2023-02-04,wk inc flu hosp,2023-02-04,0.85,quantile,55,46.0,0,MOBS-GLEAM_FLUH
2023-02-04,wk inc flu hosp,2023-02-11,0.85,quantile,55,25.0,1,MOBS-GLEAM_FLUH
2023-02-04,wk inc flu hosp,2023-02-18,0.85,quantile,55,14.0,2,MOBS-GLEAM_FLUH
2023-02-04,wk inc flu hosp,2023-02-25,0.85,quantile,55,8.0,3,MOBS-GLEAM_FLUH
2023-02-04,wk inc flu hosp,2023-02-04,0.9,quantile,55,51.0,0,MOBS-GLEAM_FLUH
2023-02-04,wk inc flu hosp,2023-02-11,0.9,quantile,55,28.0,1,MOBS-GLEAM_FLUH
2023-02-04,wk inc flu hosp,2023-02-18,0.9,quantile,55,16.0,2,MOBS-GLEAM_FLUH
2023-02-04,wk inc flu hosp,2023-02-25,0.9,quantile,55,9.0,3,MOBS-GLEAM_FLUH
2023-02-04,wk inc flu hosp,2023-02-04,0.95,quantile,55,59.0,0,MOBS-GLEAM_FLUH
2023-02-04,wk inc flu hosp,2023-02-11,0.95,quantile,55,32.0,1,MOBS-GLEAM_FLUH
2023-02-04,wk inc flu hosp,2023-02-18,0.95,quantile,55,18.0,2,MOBS-GLEAM_FLUH
2023-02-04,wk inc flu hosp,2023-02-25,0.95,quantile,55,11.0,3,MOBS-GLEAM_FLUH
2023-02-04,wk inc flu hosp,2023-02-04,0.975,quantile,55,66.0,0,MOBS-GLEAM_FLUH
2023-02-04,wk inc flu hosp,2023-02-11,0.975,quantile,55,36.0,1,MOBS-GLEAM_FLUH
2023-02-04,wk inc flu hosp,2023-02-18,0.975,quantile,55,21.0,2,MOBS-GLEAM_FLUH
2023-02-04,wk inc flu hosp,2023-02-25,0.975,quantile,55,12.0,3,MOBS-GLEAM_FLUH
2023-02-04,wk inc flu hosp,2023-02-04,0.99,quantile,55,75.0,0,MOBS-GLEAM_FLUH
2023-02-04,wk inc flu hosp,2023-02-11,0.99,quantile,55,41.0,1,MOBS-GLEAM_FLUH
2023-02-04,wk inc flu hosp,2023-02-18,0.99,quantile,55,24.0,2,MOBS-GLEAM_FLUH
2023-02-04,wk inc flu hosp,2023-02-25,0.99,quantile,55,14.0,3,MOBS-GLEAM_FLUH
2023-02-04,wk inc flu hosp,2023-02-04,nan,point,56,3.0,0,MOBS-GLEAM_FLUH
2023-02-04,wk inc flu hosp,2023-02-11,nan,point,56,2.0,1,MOBS-GLEAM_FLUH
2023-02-04,wk inc flu hosp,2023-02-18,nan,point,56,1.0,2,MOBS-GLEAM_FLUH
2023-02-04,wk inc flu hosp,2023-02-25,nan,point,56,1.0,3,MOBS-GLEAM_FLUH
2023-02-04,wk inc flu hosp,2023-02-04,0.01,quantile,56,0.0,0,MOBS-GLEAM_FLUH
2023-02-04,wk inc flu hosp,2023-02-11,0.01,quantile,56,0.0,1,MOBS-GLEAM_FLUH
2023-02-04,wk inc flu hosp,2023-02-18,0.01,quantile,56,0.0,2,MOBS-GLEAM_FLUH
2023-02-04,wk inc flu hosp,2023-02-25,0.01,quantile,56,0.0,3,MOBS-GLEAM_FLUH
2023-02-04,wk inc flu hosp,2023-02-04,0.025,quantile,56,0.0,0,MOBS-GLEAM_FLUH
2023-02-04,wk inc flu hosp,2023-02-11,0.025,quantile,56,0.0,1,MOBS-GLEAM_FLUH
2023-02-04,wk inc flu hosp,2023-02-18,0.025,quantile,56,0.0,2,MOBS-GLEAM_FLUH
2023-02-04,wk inc flu hosp,2023-02-25,0.025,quantile,56,0.0,3,MOBS-GLEAM_FLUH
2023-02-04,wk inc flu hosp,2023-02-04,0.05,quantile,56,0.0,0,MOBS-GLEAM_FLUH
2023-02-04,wk inc flu hosp,2023-02-11,0.05,quantile,56,0.0,1,MOBS-GLEAM_FLUH
2023-02-04,wk inc flu hosp,2023-02-18,0.05,quantile,56,0.0,2,MOBS-GLEAM_FLUH
2023-02-04,wk inc flu hosp,2023-02-25,0.05,quantile,56,0.0,3,MOBS-GLEAM_FLUH
2023-02-04,wk inc flu hosp,2023-02-04,0.1,quantile,56,1.0,0,MOBS-GLEAM_FLUH
2023-02-04,wk inc flu hosp,2023-02-11,0.1,quantile,56,0.0,1,MOBS-GLEAM_FLUH
2023-02-04,wk inc flu hosp,2023-02-18,0.1,quantile,56,0.0,2,MOBS-GLEAM_FLUH
2023-02-04,wk inc flu hosp,2023-02-25,0.1,quantile,56,0.0,3,MOBS-GLEAM_FLUH
2023-02-04,wk inc flu hosp,2023-02-04,0.15,quantile,56,1.0,0,MOBS-GLEAM_FLUH
2023-02-04,wk inc flu hosp,2023-02-11,0.15,quantile,56,0.0,1,MOBS-GLEAM_FLUH
2023-02-04,wk inc flu hosp,2023-02-18,0.15,quantile,56,0.0,2,MOBS-GLEAM_FLUH
2023-02-04,wk inc flu hosp,2023-02-25,0.15,quantile,56,0.0,3,MOBS-GLEAM_FLUH
2023-02-04,wk inc flu hosp,2023-02-04,0.2,quantile,56,2.0,0,MOBS-GLEAM_FLUH
2023-02-04,wk inc flu hosp,2023-02-11,0.2,quantile,56,1.0,1,MOBS-GLEAM_FLUH
2023-02-04,wk inc flu hosp,2023-02-18,0.2,quantile,56,0.0,2,MOBS-GLEAM_FLUH
2023-02-04,wk inc flu hosp,2023-02-25,0.2,quantile,56,0.0,3,MOBS-GLEAM_FLUH
2023-02-04,wk inc flu hosp,2023-02-04,0.25,quantile,56,2.0,0,MOBS-GLEAM_FLUH
2023-02-04,wk inc flu hosp,2023-02-11,0.25,quantile,56,1.0,1,MOBS-GLEAM_FLUH
2023-02-04,wk inc flu hosp,2023-02-18,0.25,quantile,56,0.0,2,MOBS-GLEAM_FLUH
2023-02-04,wk inc flu hosp,2023-02-25,0.25,quantile,56,0.0,3,MOBS-GLEAM_FLUH
2023-02-04,wk inc flu hosp,2023-02-04,0.3,quantile,56,2.0,0,MOBS-GLEAM_FLUH
2023-02-04,wk inc flu hosp,2023-02-11,0.3,quantile,56,1.0,1,MOBS-GLEAM_FLUH
2023-02-04,wk inc flu hosp,2023-02-18,0.3,quantile,56,1.0,2,MOBS-GLEAM_FLUH
2023-02-04,wk inc flu hosp,2023-02-25,0.3,quantile,56,0.0,3,MOBS-GLEAM_FLUH
2023-02-04,wk inc flu hosp,2023-02-04,0.35,quantile,56,2.0,0,MOBS-GLEAM_FLUH
2023-02-04,wk inc flu hosp,2023-02-11,0.35,quantile,56,1.0,1,MOBS-GLEAM_FLUH
2023-02-04,wk inc flu hosp,2023-02-18,0.35,quantile,56,1.0,2,MOBS-GLEAM_FLUH
2023-02-04,wk inc flu hosp,2023-02-25,0.35,quantile,56,0.0,3,MOBS-GLEAM_FLUH
2023-02-04,wk inc flu hosp,2023-02-04,0.4,quantile,56,3.0,0,MOBS-GLEAM_FLUH
2023-02-04,wk inc flu hosp,2023-02-11,0.4,quantile,56,1.0,1,MOBS-GLEAM_FLUH
2023-02-04,wk inc flu hosp,2023-02-18,0.4,quantile,56,1.0,2,MOBS-GLEAM_FLUH
2023-02-04,wk inc flu hosp,2023-02-25,0.4,quantile,56,0.0,3,MOBS-GLEAM_FLUH
2023-02-04,wk inc flu hosp,2023-02-04,0.45,quantile,56,3.0,0,MOBS-GLEAM_FLUH
2023-02-04,wk inc flu hosp,2023-02-11,0.45,quantile,56,2.0,1,MOBS-GLEAM_FLUH
2023-02-04,wk inc flu hosp,2023-02-18,0.45,quantile,56,1.0,2,MOBS-GLEAM_FLUH
2023-02-04,wk inc flu hosp,2023-02-25,0.45,quantile,56,1.0,3,MOBS-GLEAM_FLUH
2023-02-04,wk inc flu hosp,2023-02-04,0.5,quantile,56,3.0,0,MOBS-GLEAM_FLUH
2023-02-04,wk inc flu hosp,2023-02-11,0.5,quantile,56,2.0,1,MOBS-GLEAM_FLUH
2023-02-04,wk inc flu hosp,2023-02-18,0.5,quantile,56,1.0,2,MOBS-GLEAM_FLUH
2023-02-04,wk inc flu hosp,2023-02-25,0.5,quantile,56,1.0,3,MOBS-GLEAM_FLUH
2023-02-04,wk inc flu hosp,2023-02-04,0.55,quantile,56,4.0,0,MOBS-GLEAM_FLUH
2023-02-04,wk inc flu hosp,2023-02-11,0.55,quantile,56,2.0,1,MOBS-GLEAM_FLUH
2023-02-04,wk inc flu hosp,2023-02-18,0.55,quantile,56,1.0,2,MOBS-GLEAM_FLUH
2023-02-04,wk inc flu hosp,2023-02-25,0.55,quantile,56,1.0,3,MOBS-GLEAM_FLUH
2023-02-04,wk inc flu hosp,2023-02-04,0.6,quantile,56,4.0,0,MOBS-GLEAM_FLUH
2023-02-04,wk inc flu hosp,2023-02-11,0.6,quantile,56,2.0,1,MOBS-GLEAM_FLUH
2023-02-04,wk inc flu hosp,2023-02-18,0.6,quantile,56,1.0,2,MOBS-GLEAM_FLUH
2023-02-04,wk inc flu hosp,2023-02-25,0.6,quantile,56,1.0,3,MOBS-GLEAM_FLUH
2023-02-04,wk inc flu hosp,2023-02-04,0.65,quantile,56,4.0,0,MOBS-GLEAM_FLUH
2023-02-04,wk inc flu hosp,2023-02-11,0.65,quantile,56,2.0,1,MOBS-GLEAM_FLUH
2023-02-04,wk inc flu hosp,2023-02-18,0.65,quantile,56,2.0,2,MOBS-GLEAM_FLUH
2023-02-04,wk inc flu hosp,2023-02-25,0.65,quantile,56,1.0,3,MOBS-GLEAM_FLUH
2023-02-04,wk inc flu hosp,2023-02-04,0.7,quantile,56,5.0,0,MOBS-GLEAM_FLUH
2023-02-04,wk inc flu hosp,2023-02-11,0.7,quantile,56,3.0,1,MOBS-GLEAM_FLUH
2023-02-04,wk inc flu hosp,2023-02-18,0.7,quantile,56,2.0,2,MOBS-GLEAM_FLUH
2023-02-04,wk inc flu hosp,2023-02-25,0.7,quantile,56,1.0,3,MOBS-GLEAM_FLUH
2023-02-04,wk inc flu hosp,2023-02-04,0.75,quantile,56,5.0,0,MOBS-GLEAM_FLUH
2023-02-04,wk inc flu hosp,2023-02-11,0.75,quantile,56,3.0,1,MOBS-GLEAM_FLUH
2023-02-04,wk inc flu hosp,2023-02-18,0.75,quantile,56,2.0,2,MOBS-GLEAM_FLUH
2023-02-04,wk inc flu hosp,2023-02-25,0.75,quantile,56,1.0,3,MOBS-GLEAM_FLUH
2023-02-04,wk inc flu hosp,2023-02-04,0.8,quantile,56,6.0,0,MOBS-GLEAM_FLUH
2023-02-04,wk inc flu hosp,2023-02-11,0.8,quantile,56,3.0,1,MOBS-GLEAM_FLUH
2023-02-04,wk inc flu hosp,2023-02-18,0.8,quantile,56,2.0,2,MOBS-GLEAM_FLUH
2023-02-04,wk inc flu hosp,2023-02-25,0.8,quantile,56,2.0,3,MOBS-GLEAM_FLUH
2023-02-04,wk inc flu hosp,2023-02-04,0.85,quantile,56,6.0,0,MOBS-GLEAM_FLUH
2023-02-04,wk inc flu hosp,2023-02-11,0.85,quantile,56,4.0,1,MOBS-GLEAM_FLUH
2023-02-04,wk inc flu hosp,2023-02-18,0.85,quantile,56,3.0,2,MOBS-GLEAM_FLUH
2023-02-04,wk inc flu hosp,2023-02-25,0.85,quantile,56,2.0,3,MOBS-GLEAM_FLUH
2023-02-04,wk inc flu hosp,2023-02-04,0.9,quantile,56,7.0,0,MOBS-GLEAM_FLUH
2023-02-04,wk inc flu hosp,2023-02-11,0.9,quantile,56,4.0,1,MOBS-GLEAM_FLUH
2023-02-04,wk inc flu hosp,2023-02-18,0.9,quantile,56,3.0,2,MOBS-GLEAM_FLUH
2023-02-04,wk inc flu hosp,2023-02-25,0.9,quantile,56,2.0,3,MOBS-GLEAM_FLUH
2023-02-04,wk inc flu hosp,2023-02-04,0.95,quantile,56,9.0,0,MOBS-GLEAM_FLUH
2023-02-04,wk inc flu hosp,2023-02-11,0.95,quantile,56,5.0,1,MOBS-GLEAM_FLUH
2023-02-04,wk inc flu hosp,2023-02-18,0.95,quantile,56,4.0,2,MOBS-GLEAM_FLUH
2023-02-04,wk inc flu hosp,2023-02-25,0.95,quantile,56,3.0,3,MOBS-GLEAM_FLUH
2023-02-04,wk inc flu hosp,2023-02-04,0.975,quantile,56,10.0,0,MOBS-GLEAM_FLUH
2023-02-04,wk inc flu hosp,2023-02-11,0.975,quantile,56,6.0,1,MOBS-GLEAM_FLUH
2023-02-04,wk inc flu hosp,2023-02-18,0.975,quantile,56,5.0,2,MOBS-GLEAM_FLUH
2023-02-04,wk inc flu hosp,2023-02-25,0.975,quantile,56,3.0,3,MOBS-GLEAM_FLUH
2023-02-04,wk inc flu hosp,2023-02-04,0.99,quantile,56,11.0,0,MOBS-GLEAM_FLUH
2023-02-04,wk inc flu hosp,2023-02-11,0.99,quantile,56,7.0,1,MOBS-GLEAM_FLUH
2023-02-04,wk inc flu hosp,2023-02-18,0.99,quantile,56,5.0,2,MOBS-GLEAM_FLUH
2023-02-04,wk inc flu hosp,2023-02-25,0.99,quantile,56,4.0,3,MOBS-GLEAM_FLUH
